time	V(oscillateur_2)	V(n003)
0.000000000000000e+00	7.499990e+00	4.124984e+00
2.857142776337340e-10	7.499989e+00	4.124984e+00
5.714285552674680e-10	7.499990e+00	4.124984e+00
8.571428329012020e-10	7.499995e+00	4.124984e+00
1.142857110534936e-09	7.500004e+00	4.124984e+00
1.428571388168670e-09	7.500015e+00	4.124985e+00
1.714285665802404e-09	7.500030e+00	4.124985e+00
1.999999943436137e-09	7.500048e+00	4.124985e+00
3.999999886872274e-09	7.499974e+00	4.124984e+00
7.999999773744548e-09	7.499880e+00	4.124983e+00
1.599999954748910e-08	7.500151e+00	4.124987e+00
3.199999909497819e-08	7.499859e+00	4.124982e+00
6.399999818995639e-08	7.500074e+00	4.124986e+00
1.279999963799128e-07	7.499946e+00	4.124984e+00
2.492161198192300e-07	7.500010e+00	4.124985e+00
6.398411198192300e-07	7.499990e+00	4.124984e+00
1.030466119819230e-06	7.499990e+00	4.124984e+00
1.225778619819230e-06	7.500027e+00	4.124985e+00
1.327080349499454e-06	7.499963e+00	4.124984e+00
1.403155853406097e-06	7.500032e+00	4.124985e+00
1.459873255771109e-06	7.499979e+00	4.124984e+00
1.514925476577553e-06	7.499984e+00	4.124984e+00
1.574257531351300e-06	7.499973e+00	4.124984e+00
1.630150891605784e-06	7.499989e+00	4.124984e+00
1.688842401404958e-06	7.499991e+00	4.124984e+00
1.745659537325411e-06	7.499988e+00	4.124984e+00
1.805681710204472e-06	7.500008e+00	4.124984e+00
1.872209246040646e-06	7.500099e+00	4.124986e+00
1.915557400684470e-06	7.500037e+00	4.124985e+00
1.968240675110741e-06	7.500080e+00	4.124986e+00
2.009365375417004e-06	7.500074e+00	4.124985e+00
2.064502832962881e-06	7.499850e+00	4.124982e+00
2.174777748054634e-06	7.500027e+00	4.124985e+00
2.319071027510792e-06	7.499962e+00	4.124984e+00
2.514383527510792e-06	7.499991e+00	4.124984e+00
2.709696027510792e-06	7.499994e+00	4.124984e+00
2.905008527510792e-06	7.504314e+00	4.125048e+00
2.929422590010792e-06	7.503232e+00	4.125031e+00
2.978250715010792e-06	7.500002e+00	4.124984e+00
3.075906965010792e-06	7.499988e+00	4.124984e+00
4.551636811610914e-06	7.499990e+00	4.124984e+00
6.027366658211036e-06	7.499992e+00	4.124984e+00
7.503096504811158e-06	7.499994e+00	4.124984e+00
8.978826351411280e-06	7.499996e+00	4.124984e+00
1.045455619801140e-05	7.499997e+00	4.124983e+00
1.193028604461152e-05	7.499999e+00	4.124983e+00
1.340601589121164e-05	7.500000e+00	4.124983e+00
1.580556946264020e-05	7.499999e+00	4.124983e+00
1.820512303406876e-05	7.500004e+00	4.124982e+00
2.060467660549733e-05	7.500015e+00	4.124980e+00
2.300423017692589e-05	7.500031e+00	4.124976e+00
2.540378374835444e-05	7.500053e+00	4.124972e+00
2.780333731978300e-05	7.500080e+00	4.124967e+00
3.020289089121156e-05	7.500112e+00	4.124961e+00
3.115155160549727e-05	7.500132e+00	4.124958e+00
3.210021231978298e-05	7.500159e+00	4.124953e+00
3.304887303406868e-05	7.500194e+00	4.124948e+00
3.399753374835439e-05	7.500236e+00	4.124941e+00
3.494619446264010e-05	7.500285e+00	4.124933e+00
3.589485517692581e-05	7.500342e+00	4.124924e+00
3.684351589121152e-05	7.500406e+00	4.124914e+00
3.723414089121152e-05	7.500442e+00	4.124909e+00
3.762476589121151e-05	7.500480e+00	4.124903e+00
3.801539089121151e-05	7.500522e+00	4.124897e+00
3.840601589121151e-05	7.500565e+00	4.124890e+00
3.879664089121151e-05	7.500612e+00	4.124883e+00
3.918726589121150e-05	7.500661e+00	4.124876e+00
3.957789089121150e-05	7.500713e+00	4.124868e+00
3.977320339121150e-05	7.500756e+00	4.124864e+00
3.996851589121150e-05	7.500774e+00	4.124859e+00
4.016382839121150e-05	7.500820e+00	4.124855e+00
4.035914089121150e-05	7.500841e+00	4.124849e+00
4.055445339121150e-05	7.500891e+00	4.124845e+00
4.074976589121149e-05	7.500914e+00	4.124839e+00
4.094507839121149e-05	7.500968e+00	4.124834e+00
4.114039089121149e-05	7.500993e+00	4.124827e+00
4.133570339121149e-05	7.501051e+00	4.124822e+00
4.153101589121149e-05	7.501080e+00	4.124815e+00
4.172632839121149e-05	7.501148e+00	4.124809e+00
4.192164089121149e-05	7.501185e+00	4.124802e+00
4.211695339121149e-05	7.501256e+00	4.124795e+00
4.231226589121148e-05	7.501293e+00	4.124787e+00
4.250757839121148e-05	7.501369e+00	4.124780e+00
4.270289089121148e-05	7.501411e+00	4.124771e+00
4.289820339121148e-05	7.501494e+00	4.124763e+00
4.309351589121148e-05	7.501541e+00	4.124754e+00
4.328882839121148e-05	7.501630e+00	4.124745e+00
4.348414089121148e-05	7.501681e+00	4.124735e+00
4.367945339121148e-05	7.501777e+00	4.124725e+00
4.387476589121147e-05	7.501832e+00	4.124714e+00
4.407007839121147e-05	7.501935e+00	4.124703e+00
4.426539089121147e-05	7.501997e+00	4.124691e+00
4.446070339121147e-05	7.502108e+00	4.124680e+00
4.465601589121147e-05	7.502174e+00	4.124667e+00
4.485132839121147e-05	7.502295e+00	4.124654e+00
4.504664089121147e-05	7.655078e+00	4.126938e+00
4.504752155181385e-05	7.744008e+00	4.128317e+00
4.504928287301860e-05	8.152142e+00	4.134815e+00
4.505122554954326e-05	8.707582e+00	4.144169e+00
4.505322268328243e-05	9.299048e+00	4.155069e+00
4.505709727772615e-05	1.026493e+01	4.175198e+00
4.506190530408432e-05	1.107173e+01	4.194763e+00
4.506832367338484e-05	1.162708e+01	4.210741e+00
4.507524672591318e-05	1.186561e+01	4.217645e+00
4.508234928038799e-05	1.193837e+01	4.216592e+00
4.509115179984466e-05	1.195994e+01	4.208666e+00
4.510475461589357e-05	1.196560e+01	4.190949e+00
4.512230650865792e-05	1.196437e+01	4.166500e+00
4.514034608335024e-05	1.196148e+01	4.144248e+00
4.515946759832864e-05	1.195875e+01	4.126336e+00
4.517808885406407e-05	1.195688e+01	4.114791e+00
4.519910305525947e-05	1.195569e+01	4.107401e+00
4.522489291336588e-05	1.195499e+01	4.102703e+00
4.523627490069709e-05	1.195489e+01	4.101634e+00
4.524583135359768e-05	1.195488e+01	4.101103e+00
4.525819043067948e-05	1.195491e+01	4.100476e+00
4.527132468627667e-05	1.195494e+01	4.099737e+00
4.528671749705873e-05	1.195496e+01	4.098666e+00
4.530492200945526e-05	1.195495e+01	4.097059e+00
4.532859120520635e-05	1.195486e+01	4.094477e+00
4.536076686095015e-05	1.195464e+01	4.090398e+00
4.540803620136262e-05	1.195423e+01	4.083945e+00
4.545609299735402e-05	1.195378e+01	4.077308e+00
4.550808326051221e-05	1.195332e+01	4.070233e+00
4.557232326826866e-05	1.195275e+01	4.061588e+00
4.570080328378156e-05	1.195163e+01	4.044311e+00
4.581999876883449e-05	1.195059e+01	4.028266e+00
4.601531126883449e-05	1.194888e+01	4.001983e+00
4.621062376883449e-05	1.194718e+01	3.975711e+00
4.640593626883449e-05	1.194547e+01	3.949448e+00
4.660124876883449e-05	1.194377e+01	3.923196e+00
4.679656126883449e-05	1.194206e+01	3.896953e+00
4.718718626883448e-05	1.193866e+01	3.844499e+00
4.777312376883448e-05	1.193355e+01	3.765893e+00
4.827535591169162e-05	1.192918e+01	3.698588e+00
4.877758805454876e-05	1.192481e+01	3.631350e+00
4.927982019740590e-05	1.192045e+01	3.564177e+00
4.978205234026304e-05	1.191609e+01	3.497071e+00
5.028428448312018e-05	1.191174e+01	3.430031e+00
5.078651662597732e-05	1.190739e+01	3.363058e+00
5.128874876883446e-05	1.190305e+01	3.296150e+00
5.148406126883446e-05	1.190136e+01	3.270148e+00
5.167937376883446e-05	1.189967e+01	3.244155e+00
5.177791145412875e-05	1.189882e+01	3.231045e+00
5.178440207953609e-05	1.189876e+01	3.230181e+00
5.179738333035076e-05	1.189865e+01	3.228454e+00
5.182334583198010e-05	1.189842e+01	3.225001e+00
5.182415716015601e-05	1.189842e+01	3.224893e+00
5.182577981650785e-05	1.189840e+01	3.224677e+00
5.182902512921152e-05	1.189838e+01	3.224246e+00
5.183551575461886e-05	1.189832e+01	3.223382e+00
5.184849700543353e-05	1.189818e+01	3.221655e+00
5.185174231813720e-05	1.189795e+01	3.221220e+00
5.185823294354454e-05	1.188614e+01	3.220168e+00
5.186284153165615e-05	1.169081e+01	3.216480e+00
5.186652307682602e-05	1.067284e+01	3.200100e+00
5.186884652615759e-05	8.451021e+00	3.164892e+00
5.187054228853468e-05	5.372317e+00	3.115007e+00
5.187182073007921e-05	2.683626e+00	3.069074e+00
5.187246746468916e-05	1.687586e+00	3.049740e+00
5.187331363143928e-05	9.771079e-01	3.032069e+00
5.187373690497986e-05	7.823758e-01	3.025483e+00
5.187424003150600e-05	6.509293e-01	3.019184e+00
5.187481607067374e-05	5.478967e-01	3.012880e+00
5.187570906508403e-05	4.454432e-01	3.004413e+00
5.187668668969292e-05	3.782613e-01	2.996476e+00
5.187788342935966e-05	3.364598e-01	2.988365e+00
5.187927457009310e-05	3.181156e-01	2.980725e+00
5.188099610076772e-05	3.138635e-01	2.973338e+00
5.188281124925723e-05	3.137201e-01	2.967649e+00
5.188529155678985e-05	3.135730e-01	2.963243e+00
5.189025217185509e-05	3.133765e-01	2.962847e+00
5.190017340198556e-05	3.131813e-01	2.978508e+00
5.190968781437732e-05	3.131323e-01	3.005857e+00
5.192348583199344e-05	3.131784e-01	3.055041e+00
5.193866997537444e-05	3.132672e-01	3.108553e+00
5.195511861998813e-05	3.133633e-01	3.157996e+00
5.197460148575958e-05	3.134527e-01	3.201623e+00
5.199340296849579e-05	3.135093e-01	3.228700e+00
5.201460799383841e-05	3.135426e-01	3.244802e+00
5.203934889090007e-05	3.135579e-01	3.253071e+00
5.205075928574635e-05	3.135596e-01	3.254384e+00
5.205822921633732e-05	3.135585e-01	3.254540e+00
5.206710171753345e-05	3.135566e-01	3.254568e+00
5.207649987898125e-05	3.135547e-01	3.254622e+00
5.208692337001513e-05	3.135525e-01	3.254837e+00
5.209758990846455e-05	3.135509e-01	3.255326e+00
5.210987426752858e-05	3.135495e-01	3.256317e+00
5.212683550166822e-05	3.135494e-01	3.258390e+00
5.214918378782879e-05	3.135510e-01	3.262119e+00
5.218282199601577e-05	3.135563e-01	3.268962e+00
5.221750923412579e-05	3.135633e-01	3.276698e+00
5.225588592477817e-05	3.135716e-01	3.285407e+00
5.230003214065211e-05	3.135808e-01	3.295222e+00
5.235352340644438e-05	3.135914e-01	3.306885e+00
5.273072202946126e-05	3.136654e-01	3.388799e+00
6.269165952946126e-05	3.156216e-01	5.553062e+00
6.279692577032185e-05	4.513628e-01	5.578318e+00
6.285090577487532e-05	7.364453e-01	5.595029e+00
6.285133081350071e-05	7.526746e-01	5.595371e+00
6.285218089075149e-05	8.213823e-01	5.596614e+00
6.285388104525303e-05	1.014735e+00	5.600119e+00
6.285722603043616e-05	1.568272e+00	5.610315e+00
6.286068358162669e-05	2.426442e+00	5.626385e+00
6.286426757022658e-05	3.694379e+00	5.650681e+00
6.286811233069662e-05	5.381820e+00	5.684414e+00
6.287342792779321e-05	7.735929e+00	5.734705e+00
6.287979334396609e-05	9.955976e+00	5.786520e+00
6.288558373984854e-05	1.116571e+01	5.817292e+00
6.289152125558521e-05	1.173462e+01	5.830800e+00
6.289750414964352e-05	1.195749e+01	5.830385e+00
6.290418080553694e-05	1.203990e+01	5.818927e+00
6.291267886431803e-05	1.206854e+01	5.795277e+00
6.292533803022501e-05	1.207469e+01	5.753569e+00
6.294373865739282e-05	1.206978e+01	5.694197e+00
6.296278439025803e-05	1.206252e+01	5.643214e+00
6.298173180687378e-05	1.205659e+01	5.607395e+00
6.300040001916203e-05	1.205279e+01	5.586284e+00
6.302104396084696e-05	1.205060e+01	5.575032e+00
6.304297558914000e-05	1.204967e+01	5.570835e+00
6.305351859233563e-05	1.204961e+01	5.570701e+00
6.306359915823036e-05	1.204973e+01	5.571305e+00
6.307428168928949e-05	1.204992e+01	5.572052e+00
6.308586085996249e-05	1.205014e+01	5.572741e+00
6.309777253791014e-05	1.205036e+01	5.573173e+00
6.310906707431271e-05	1.205052e+01	5.573225e+00
6.312215330150145e-05	1.205065e+01	5.572828e+00
6.313673720245503e-05	1.205071e+01	5.571836e+00
6.316009337753075e-05	1.205067e+01	5.569363e+00
6.319798442084323e-05	1.205041e+01	5.564309e+00
6.323012875677385e-05	1.205009e+01	5.559614e+00
6.326555969159353e-05	1.204973e+01	5.554417e+00
6.330365489529864e-05	1.204936e+01	5.549020e+00
6.335599740615476e-05	1.204888e+01	5.541800e+00
6.344165190996696e-05	1.204812e+01	5.530061e+00
6.353480325397301e-05	1.204729e+01	5.517263e+00
6.366633813634385e-05	1.204612e+01	5.499172e+00
6.386165063634385e-05	1.204437e+01	5.472326e+00
6.405696313634386e-05	1.204263e+01	5.445489e+00
6.425227563634386e-05	1.204089e+01	5.418663e+00
6.444758813634387e-05	1.203915e+01	5.391848e+00
6.464290063634387e-05	1.203741e+01	5.365042e+00
6.503352563634388e-05	1.203393e+01	5.311461e+00
6.561946313634390e-05	1.202871e+01	5.231168e+00
6.642861492205821e-05	1.202152e+01	5.120439e+00
6.723776670777251e-05	1.201434e+01	5.009884e+00
6.804691849348683e-05	1.200717e+01	4.899506e+00
6.885607027920114e-05	1.200002e+01	4.789302e+00
6.966522206491545e-05	1.199287e+01	4.679273e+00
7.047437385062975e-05	1.198574e+01	4.569420e+00
7.128352563634406e-05	1.197861e+01	4.459742e+00
8.026790063634432e-05	1.190028e+01	3.253567e+00
8.029231469884432e-05	1.190007e+01	3.250318e+00
8.034114282384431e-05	1.189965e+01	3.243821e+00
8.038943994849339e-05	1.189923e+01	3.237395e+00
8.043306113066906e-05	1.189885e+01	3.231592e+00
8.044396642621297e-05	1.189876e+01	3.230141e+00
8.046577701730080e-05	1.189857e+01	3.227240e+00
8.047122966507276e-05	1.189852e+01	3.226514e+00
8.048213496061668e-05	1.189643e+01	3.225026e+00
8.050394555170451e-05	1.188607e+01	3.221933e+00
8.050421178368294e-05	1.188564e+01	3.221891e+00
8.050474424763981e-05	1.188319e+01	3.221782e+00
8.050580917555355e-05	1.186237e+01	3.221324e+00
8.050793903138103e-05	1.172363e+01	3.218938e+00
8.050947485280380e-05	1.140504e+01	3.213899e+00
8.051080618110069e-05	1.068934e+01	3.202827e+00
8.051195949001560e-05	9.394049e+00	3.182775e+00
8.051312085169069e-05	7.250585e+00	3.149017e+00
8.051433078387248e-05	4.466074e+00	3.103695e+00
8.051513899795359e-05	2.723454e+00	3.073447e+00
8.051580814948139e-05	1.713052e+00	3.053496e+00
8.051659448269696e-05	1.021819e+00	3.036546e+00
8.051699732177477e-05	8.227584e-01	3.030025e+00
8.051749238419577e-05	6.807718e-01	3.023564e+00
8.051808455172280e-05	5.666515e-01	3.016866e+00
8.051903012643479e-05	4.507813e-01	3.007627e+00
8.051992553535396e-05	3.850470e-01	3.000141e+00
8.052112337780935e-05	3.396977e-01	2.991754e+00
8.052245694250582e-05	3.194982e-01	2.984178e+00
8.052438085526874e-05	3.139186e-01	2.975655e+00
8.052612603989763e-05	3.137285e-01	2.969985e+00
8.052853614592327e-05	3.135907e-01	2.965474e+00
8.053335635797457e-05	3.133878e-01	2.964570e+00
8.054299678207714e-05	3.131896e-01	2.978880e+00
8.055247511493697e-05	3.131338e-01	3.005554e+00
8.056599535512856e-05	3.131752e-01	3.053499e+00
8.058098733508397e-05	3.132617e-01	3.106660e+00
8.059737308516541e-05	3.133586e-01	3.156687e+00
8.061686712323238e-05	3.134498e-01	3.201434e+00
8.063559345052658e-05	3.135083e-01	3.229358e+00
8.065664950406209e-05	3.135430e-01	3.246176e+00
8.068074785647451e-05	3.135588e-01	3.254839e+00
8.069273250021185e-05	3.135623e-01	3.256385e+00
8.070000770193300e-05	3.135609e-01	3.256588e+00
8.070862564920375e-05	3.135587e-01	3.256634e+00
8.071800949790444e-05	3.135571e-01	3.256680e+00
8.072826620846272e-05	3.135548e-01	3.256857e+00
8.073884945665320e-05	3.135532e-01	3.257284e+00
8.075053266086996e-05	3.135513e-01	3.258140e+00
8.076661234278860e-05	3.135514e-01	3.259966e+00
8.078751253853754e-05	3.135521e-01	3.263269e+00
8.081825460291249e-05	3.135568e-01	3.269336e+00
8.085632591377397e-05	3.135642e-01	3.277735e+00
8.089495695362977e-05	3.135726e-01	3.286496e+00
8.093980386984923e-05	3.135819e-01	3.296496e+00
8.098945499332286e-05	3.135919e-01	3.307336e+00
8.108155655294561e-05	3.136098e-01	3.327305e+00
9.130515871677263e-05	3.156176e-01	5.548636e+00
9.141033107126694e-05	4.380681e-01	5.573638e+00
9.146429034549940e-05	6.962671e-01	5.589873e+00
9.146473863739827e-05	7.122788e-01	5.590216e+00
9.146563522119600e-05	7.800875e-01	5.591458e+00
9.146742838879149e-05	9.730818e-01	5.594994e+00
9.147101472398247e-05	1.545645e+00	5.605615e+00
9.147455427413665e-05	2.413086e+00	5.621924e+00
9.147832159721488e-05	3.745954e+00	5.647530e+00
9.148221351169334e-05	5.455068e+00	5.681794e+00
9.148762672694802e-05	7.842021e+00	5.732965e+00
9.149395061761343e-05	1.001451e+01	5.783871e+00
9.149978713132176e-05	1.120365e+01	5.814214e+00
9.150560216677406e-05	1.174403e+01	5.826894e+00
9.151163409441478e-05	1.196079e+01	5.826080e+00
9.151829643666069e-05	1.204072e+01	5.814395e+00
9.152697012340287e-05	1.206872e+01	5.790030e+00
9.153965652102674e-05	1.207444e+01	5.748133e+00
9.155823833503647e-05	1.206929e+01	5.688280e+00
9.157714363727576e-05	1.206210e+01	5.637987e+00
9.159619071429221e-05	1.205618e+01	5.602347e+00
9.161479597887325e-05	1.205245e+01	5.581610e+00
9.163560202242238e-05	1.205027e+01	5.570488e+00
9.165689341051881e-05	1.204939e+01	5.566510e+00
9.166738258433727e-05	1.204933e+01	5.566397e+00
9.167750358941231e-05	1.204945e+01	5.567001e+00
9.168816062041795e-05	1.204964e+01	5.567744e+00
9.169975365628461e-05	1.204986e+01	5.568435e+00
9.171164019661756e-05	1.205008e+01	5.568866e+00
9.172295181493915e-05	1.205024e+01	5.568921e+00
9.173600778792885e-05	1.205037e+01	5.568528e+00
9.175059616968833e-05	1.205043e+01	5.567539e+00
9.177385092318885e-05	1.205039e+01	5.565082e+00
9.181156922170389e-05	1.205013e+01	5.560059e+00
9.184351061467746e-05	1.204982e+01	5.555395e+00
9.187878761109785e-05	1.204945e+01	5.550218e+00
9.191686779525835e-05	1.204908e+01	5.544821e+00
9.196885785334318e-05	1.204861e+01	5.537647e+00
9.205498024421572e-05	1.204785e+01	5.525845e+00
9.214823896529697e-05	1.204702e+01	5.513033e+00
9.227903108261238e-05	1.204585e+01	5.495045e+00
9.247434358261239e-05	1.204411e+01	5.468201e+00
9.266965608261239e-05	1.204236e+01	5.441366e+00
9.286496858261240e-05	1.204062e+01	5.414541e+00
9.306028108261241e-05	1.203888e+01	5.387727e+00
9.325559358261241e-05	1.203714e+01	5.360923e+00
9.364621858261242e-05	1.203366e+01	5.307345e+00
9.423215608261244e-05	1.202845e+01	5.227057e+00
9.501340608261246e-05	1.202150e+01	5.120149e+00
9.579465608261248e-05	1.201457e+01	5.013405e+00
9.657590608261251e-05	1.200765e+01	4.906824e+00
9.735715608261253e-05	1.200074e+01	4.800406e+00
9.813840608261255e-05	1.199384e+01	4.694152e+00
9.891965608261257e-05	1.198695e+01	4.588061e+00
9.970090608261260e-05	1.198007e+01	4.482133e+00
1.088805935826129e-04	1.190002e+01	3.249572e+00
1.089050076451129e-04	1.189981e+01	3.246324e+00
1.089538357701129e-04	1.189939e+01	3.239827e+00
1.090057748597784e-04	1.189894e+01	3.232917e+00
1.090126803535846e-04	1.189888e+01	3.231998e+00
1.090264913411970e-04	1.189876e+01	3.230161e+00
1.090541133164217e-04	1.189852e+01	3.226487e+00
1.090549765031474e-04	1.189851e+01	3.226372e+00
1.090567028765990e-04	1.189850e+01	3.226142e+00
1.090601556235021e-04	1.189847e+01	3.225683e+00
1.090670611173082e-04	1.189817e+01	3.224761e+00
1.090719641770859e-04	1.189297e+01	3.224027e+00
1.090758717447741e-04	1.183256e+01	3.222568e+00
1.090789367716975e-04	1.145486e+01	3.216326e+00
1.090813843223157e-04	1.025753e+01	3.197503e+00
1.090830019075952e-04	8.233535e+00	3.165664e+00
1.090844127404376e-04	5.382229e+00	3.119660e+00
1.090855598105212e-04	2.873118e+00	3.076977e+00
1.090862072457532e-04	1.825591e+00	3.056914e+00
1.090870604771663e-04	1.041797e+00	3.038131e+00
1.090875234225574e-04	8.084435e-01	3.030606e+00
1.090880194714316e-04	6.692073e-01	3.024210e+00
1.090885988838833e-04	5.610729e-01	3.017755e+00
1.090895785675173e-04	4.449792e-01	3.008330e+00
1.090904865858349e-04	3.807834e-01	3.000863e+00
1.090917017779194e-04	3.373588e-01	2.992525e+00
1.090930468949239e-04	3.184416e-01	2.985000e+00
1.090947431235846e-04	3.138868e-01	2.977567e+00
1.090965692593095e-04	3.137318e-01	2.971663e+00
1.090989438138417e-04	3.135920e-01	2.967171e+00
1.091036929229062e-04	3.133928e-01	2.966174e+00
1.091131911410351e-04	3.131940e-01	2.980020e+00
1.091226913306573e-04	3.131360e-01	3.006563e+00
1.091360966773020e-04	3.131751e-01	3.053987e+00
1.091510558882162e-04	3.132610e-01	3.107109e+00
1.091674213357810e-04	3.133579e-01	3.157291e+00
1.091869313868737e-04	3.134499e-01	3.202393e+00
1.092056251500901e-04	3.135088e-01	3.230548e+00
1.092266454938220e-04	3.135441e-01	3.247584e+00
1.092505611352268e-04	3.135604e-01	3.256365e+00
1.092627093539952e-04	3.135635e-01	3.257982e+00
1.092700592985864e-04	3.135623e-01	3.258204e+00
1.092786712360155e-04	3.135603e-01	3.258256e+00
1.092880413295093e-04	3.135586e-01	3.258302e+00
1.092982669991203e-04	3.135563e-01	3.258473e+00
1.093088279714163e-04	3.135547e-01	3.258889e+00
1.093204658620988e-04	3.135530e-01	3.259727e+00
1.093363477678395e-04	3.135528e-01	3.261506e+00
1.093570377034556e-04	3.135536e-01	3.264742e+00
1.093872434665661e-04	3.135581e-01	3.270671e+00
1.094269550965226e-04	3.135658e-01	3.279415e+00
1.094662180846823e-04	3.135742e-01	3.288314e+00
1.095112291099196e-04	3.135836e-01	3.298349e+00
1.095606292528022e-04	3.135935e-01	3.309132e+00
1.097715946048163e-04	3.136348e-01	3.354910e+00
1.198762924812500e-04	3.156192e-01	5.550422e+00
1.199814957807437e-04	4.440390e-01	5.575535e+00
1.200354595143344e-04	7.142656e-01	5.591982e+00
1.200358950988200e-04	7.303020e-01	5.592323e+00
1.200367662677912e-04	7.981747e-01	5.593559e+00
1.200385086057336e-04	9.903423e-01	5.597062e+00
1.200419932816184e-04	1.555444e+00	5.607512e+00
1.200454967997735e-04	2.418703e+00	5.623713e+00
1.200491851069925e-04	3.723567e+00	5.648752e+00
1.200530557000517e-04	5.422925e+00	5.682778e+00
1.200584267226736e-04	7.795897e+00	5.733572e+00
1.200647681314100e-04	9.988970e+00	5.784872e+00
1.200705843946827e-04	1.118730e+01	5.815409e+00
1.200764454801833e-04	1.173959e+01	5.828442e+00
1.200824531424537e-04	1.195911e+01	5.827816e+00
1.200891209784317e-04	1.204027e+01	5.816244e+00
1.200977156627407e-04	1.206861e+01	5.792210e+00
1.201103791856083e-04	1.207454e+01	5.750435e+00
1.201288803547014e-04	1.206950e+01	5.690788e+00
1.201478463286496e-04	1.206228e+01	5.640176e+00
1.201668513765931e-04	1.205636e+01	5.604434e+00
1.201854819828869e-04	1.205259e+01	5.583519e+00
1.202062131643133e-04	1.205040e+01	5.572330e+00
1.202278146808568e-04	1.204950e+01	5.568245e+00
1.202383308694666e-04	1.204944e+01	5.568122e+00
1.202484318407822e-04	1.204957e+01	5.568727e+00
1.202591013472038e-04	1.204975e+01	5.569471e+00
1.202706872960893e-04	1.204998e+01	5.570161e+00
1.202825864213711e-04	1.205019e+01	5.570593e+00
1.202938899807593e-04	1.205035e+01	5.570647e+00
1.203069601023519e-04	1.205048e+01	5.570252e+00
1.203215458895521e-04	1.205055e+01	5.569262e+00
1.203448473428847e-04	1.205050e+01	5.566797e+00
1.203826440517027e-04	1.205024e+01	5.561760e+00
1.204146784915446e-04	1.204993e+01	5.557082e+00
1.204500258572671e-04	1.204956e+01	5.551896e+00
1.204881123360631e-04	1.204919e+01	5.546499e+00
1.205402623876049e-04	1.204872e+01	5.539304e+00
1.206261646482318e-04	1.204796e+01	5.527532e+00
1.207193708450138e-04	1.204713e+01	5.514727e+00
1.208504938528797e-04	1.204596e+01	5.496693e+00
1.210458063528797e-04	1.204421e+01	5.469848e+00
1.212411188528797e-04	1.204247e+01	5.443013e+00
1.214364313528797e-04	1.204073e+01	5.416187e+00
1.216317438528797e-04	1.203899e+01	5.389372e+00
1.218270563528797e-04	1.203725e+01	5.362567e+00
1.222176813528798e-04	1.203377e+01	5.308989e+00
1.228036188528798e-04	1.202855e+01	5.228698e+00
1.235848688528798e-04	1.202161e+01	5.121788e+00
1.243661188528798e-04	1.201468e+01	5.015041e+00
1.251473688528798e-04	1.200776e+01	4.908457e+00
1.259286188528799e-04	1.200084e+01	4.802037e+00
1.267098688528799e-04	1.199394e+01	4.695780e+00
1.274911188528799e-04	1.198705e+01	4.589687e+00
1.282723688528799e-04	1.198017e+01	4.483757e+00
1.374520563528802e-04	1.190012e+01	3.251167e+00
1.374764704153802e-04	1.189991e+01	3.247918e+00
1.375252985403802e-04	1.189949e+01	3.241422e+00
1.375800341866351e-04	1.189902e+01	3.234139e+00
1.375881391722603e-04	1.189895e+01	3.233061e+00
1.376043491435108e-04	1.189881e+01	3.230905e+00
1.376367690860117e-04	1.189853e+01	3.226592e+00
1.376380354900156e-04	1.189852e+01	3.226424e+00
1.376395551748203e-04	1.189850e+01	3.226222e+00
1.376415814212267e-04	1.189848e+01	3.225952e+00
1.376456339140393e-04	1.189233e+01	3.225309e+00
1.376537388996645e-04	1.173715e+01	3.221763e+00
1.376572246737950e-04	1.112983e+01	3.211865e+00
1.376594772919976e-04	9.616578e+00	3.188092e+00
1.376609505892941e-04	7.367101e+00	3.152369e+00
1.376624801417363e-04	4.058318e+00	3.098183e+00
1.376632884083695e-04	2.409562e+00	3.069205e+00
1.376639178985695e-04	1.543821e+00	3.051573e+00
1.376646716749897e-04	9.664397e-01	3.036552e+00
1.376651413859165e-04	7.660158e-01	3.029457e+00
1.376656959669106e-04	6.275616e-01	3.022619e+00
1.376662945055063e-04	5.289124e-01	3.016233e+00
1.376673111264313e-04	4.241902e-01	3.006881e+00
1.376682590209838e-04	3.670802e-01	2.999451e+00
1.376695546165833e-04	3.301397e-01	2.991048e+00
1.376709756409339e-04	3.162199e-01	2.983582e+00
1.376726012152893e-04	3.138452e-01	2.976922e+00
1.376744073775857e-04	3.137134e-01	2.971663e+00
1.376775277838323e-04	3.135347e-01	2.967194e+00
1.376837685963255e-04	3.133200e-01	2.969033e+00
1.376933259349616e-04	3.131677e-01	2.987369e+00
1.377037914729035e-04	3.131403e-01	3.019761e+00
1.377174669804832e-04	3.131962e-01	3.068861e+00
1.377347857194677e-04	3.133004e-01	3.128363e+00
1.377510449152256e-04	3.133909e-01	3.174275e+00
1.377711841754677e-04	3.134753e-01	3.215051e+00
1.377896531009166e-04	3.135236e-01	3.238153e+00
1.378120732735834e-04	3.135526e-01	3.252280e+00
1.378336383981177e-04	3.135633e-01	3.258055e+00
1.378438398250646e-04	3.135630e-01	3.258917e+00
1.378518941557332e-04	3.135619e-01	3.259040e+00
1.378613396861905e-04	3.135601e-01	3.259074e+00
1.378707778066443e-04	3.135580e-01	3.259166e+00
1.378814644263068e-04	3.135561e-01	3.259462e+00
1.378922675100475e-04	3.135543e-01	3.260067e+00
1.379061728441720e-04	3.135536e-01	3.261362e+00
1.379242637982178e-04	3.135536e-01	3.263825e+00
1.379496060265372e-04	3.135564e-01	3.268393e+00
1.379887126670906e-04	3.135633e-01	3.276684e+00
1.380209166541089e-04	3.135700e-01	3.283952e+00
1.380605360954233e-04	3.135785e-01	3.292909e+00
1.381048923890008e-04	3.135876e-01	3.302699e+00
1.381692822082871e-04	3.136002e-01	3.316692e+00
1.385803405846558e-04	3.136809e-01	3.405976e+00
1.485560171592808e-04	3.156401e-01	5.573437e+00
1.485733404572802e-04	3.182499e-01	5.577250e+00
1.485934927041695e-04	3.814888e-01	5.582747e+00
1.486029744477136e-04	5.856088e-01	5.588449e+00
1.486096705779530e-04	1.056037e+00	5.598380e+00
1.486145751519411e-04	1.847946e+00	5.613865e+00
1.486190216404652e-04	3.123070e+00	5.638508e+00
1.486232379443030e-04	4.832144e+00	5.672345e+00
1.486279214852221e-04	6.970146e+00	5.716929e+00
1.486331002612080e-04	9.034896e+00	5.763500e+00
1.486393235414517e-04	1.068725e+01	5.804275e+00
1.486460287928210e-04	1.160562e+01	5.827601e+00
1.486512447002455e-04	1.189346e+01	5.831363e+00
1.486583479968077e-04	1.202163e+01	5.822593e+00
1.486652277178040e-04	1.206153e+01	5.805582e+00
1.486773846970020e-04	1.207416e+01	5.766364e+00
1.486928014191863e-04	1.207249e+01	5.714584e+00
1.487101421834236e-04	1.206578e+01	5.662951e+00
1.487296255133742e-04	1.205885e+01	5.618861e+00
1.487480546874504e-04	1.205415e+01	5.591794e+00
1.487681496477550e-04	1.205121e+01	5.576110e+00
1.487906115519597e-04	1.204968e+01	5.568728e+00
1.488039702468087e-04	1.204940e+01	5.567657e+00
1.488127974231702e-04	1.204945e+01	5.567967e+00
1.488239861179833e-04	1.204961e+01	5.568718e+00
1.488344201224961e-04	1.204981e+01	5.569435e+00
1.488456746414413e-04	1.205002e+01	5.570040e+00
1.488575905230292e-04	1.205022e+01	5.570372e+00
1.488690264570998e-04	1.205038e+01	5.570313e+00
1.488827811806510e-04	1.205049e+01	5.569748e+00
1.488986825494994e-04	1.205053e+01	5.568491e+00
1.489254282645544e-04	1.205044e+01	5.565430e+00
1.489600098510351e-04	1.205017e+01	5.560664e+00
1.489927571092904e-04	1.204984e+01	5.555848e+00
1.490320017577806e-04	1.204944e+01	5.550137e+00
1.490702283893385e-04	1.204908e+01	5.544764e+00
1.491298602547716e-04	1.204854e+01	5.536566e+00
1.492142166034242e-04	1.204780e+01	5.525002e+00
1.493100577088548e-04	1.204694e+01	5.511830e+00
1.494604759045076e-04	1.204560e+01	5.491144e+00
1.496557884045076e-04	1.204385e+01	5.464302e+00
1.498511009045076e-04	1.204211e+01	5.437469e+00
1.500464134045077e-04	1.204037e+01	5.410645e+00
1.502417259045077e-04	1.203863e+01	5.383833e+00
1.504370384045077e-04	1.203689e+01	5.357030e+00
1.508276634045077e-04	1.203341e+01	5.303456e+00
1.511624848330791e-04	1.203043e+01	5.257568e+00
1.514973062616506e-04	1.202745e+01	5.211710e+00
1.518321276902220e-04	1.202447e+01	5.165882e+00
1.521669491187934e-04	1.202150e+01	5.120084e+00
1.525017705473649e-04	1.201853e+01	5.074316e+00
1.528365919759363e-04	1.201556e+01	5.028579e+00
1.531714134045077e-04	1.201259e+01	4.982872e+00
1.658667259045081e-04	1.190146e+01	3.271792e+00
1.660620384045081e-04	1.189978e+01	3.245798e+00
1.661675947843986e-04	1.189886e+01	3.231753e+00
1.661745924893454e-04	1.189880e+01	3.230822e+00
1.661885878992389e-04	1.189868e+01	3.228961e+00
1.662165787190261e-04	1.189844e+01	3.225237e+00
1.662174534321444e-04	1.189843e+01	3.225121e+00
1.662192028583811e-04	1.189842e+01	3.224888e+00
1.662227017108545e-04	1.189839e+01	3.224423e+00
1.662296994158013e-04	1.189833e+01	3.223492e+00
1.662436948256948e-04	1.189819e+01	3.221630e+00
1.662471936781682e-04	1.189814e+01	3.221165e+00
1.662541913831150e-04	1.189589e+01	3.220199e+00
1.662591592402753e-04	1.184398e+01	3.218718e+00
1.662631198861999e-04	1.142516e+01	3.211668e+00
1.662658818064098e-04	1.006627e+01	3.190182e+00
1.662677189698681e-04	7.670787e+00	3.152215e+00
1.662692282404158e-04	4.561762e+00	3.101610e+00
1.662701518453075e-04	2.609447e+00	3.067830e+00
1.662707717263400e-04	1.682897e+00	3.049548e+00
1.662715618480881e-04	1.008751e+00	3.032866e+00
1.662719612066501e-04	8.150144e-01	3.026491e+00
1.662724571186596e-04	6.753551e-01	3.020105e+00
1.662730457131855e-04	5.637906e-01	3.013534e+00
1.662740184817806e-04	4.468255e-01	3.004163e+00
1.662749134953646e-04	3.825710e-01	2.996795e+00
1.662761254655834e-04	3.382642e-01	2.988464e+00
1.662774630113331e-04	3.187520e-01	2.980967e+00
1.662791753307501e-04	3.138971e-01	2.973455e+00
1.662810043224821e-04	3.137275e-01	2.967528e+00
1.662833302168510e-04	3.135913e-01	2.963086e+00
1.662879820055888e-04	3.133928e-01	2.961947e+00
1.662972855830645e-04	3.131944e-01	2.975140e+00
1.663068247561861e-04	3.131329e-01	3.001513e+00
1.663200792822653e-04	3.131693e-01	3.048237e+00
1.663350096840839e-04	3.132544e-01	3.101354e+00
1.663513705431689e-04	3.133516e-01	3.151805e+00
1.663708895151085e-04	3.134443e-01	3.197342e+00
1.663895458273008e-04	3.135038e-01	3.225806e+00
1.664105117653786e-04	3.135397e-01	3.243118e+00
1.664342110103877e-04	3.135564e-01	3.252059e+00
1.664465657423142e-04	3.135598e-01	3.253770e+00
1.664541040921877e-04	3.135586e-01	3.254017e+00
1.664627545713146e-04	3.135566e-01	3.254077e+00
1.664720996348272e-04	3.135549e-01	3.254124e+00
1.664822959416642e-04	3.135526e-01	3.254290e+00
1.664928297125777e-04	3.135510e-01	3.254697e+00
1.665044318905382e-04	3.135492e-01	3.255518e+00
1.665201261142970e-04	3.135491e-01	3.257253e+00
1.665406264230684e-04	3.135497e-01	3.260428e+00
1.665703361172656e-04	3.135541e-01	3.266229e+00
1.666117576910285e-04	3.135621e-01	3.275335e+00
1.666517059054535e-04	3.135707e-01	3.284384e+00
1.666968838265892e-04	3.135800e-01	3.294453e+00
1.667461129226003e-04	3.135900e-01	3.305195e+00
1.671016052040631e-04	3.136595e-01	3.382386e+00
1.768672302040634e-04	3.155775e-01	5.504220e+00
1.770655944618759e-04	3.155862e-01	5.547314e+00
1.771864402178576e-04	3.156402e-01	5.573567e+00
1.772038904532249e-04	3.222362e-01	5.577483e+00
1.772246547618458e-04	4.169866e-01	5.583683e+00
1.772336658125069e-04	6.801196e-01	5.590344e+00
1.772402366803709e-04	1.279472e+00	5.602592e+00
1.772451150456383e-04	2.252631e+00	5.621474e+00
1.772496431709456e-04	3.763503e+00	5.650841e+00
1.772540106558571e-04	5.662236e+00	5.689155e+00
1.772593529902559e-04	8.019361e+00	5.739929e+00
1.772650125991007e-04	9.957149e+00	5.785522e+00
1.772710369710268e-04	1.118233e+01	5.816843e+00
1.772769765850870e-04	1.174444e+01	5.829948e+00
1.772830240460727e-04	1.196232e+01	5.829020e+00
1.772896594160373e-04	1.204128e+01	5.817180e+00
1.772983223003363e-04	1.206901e+01	5.792593e+00
1.773110699958476e-04	1.207469e+01	5.750165e+00
1.773296403457219e-04	1.206947e+01	5.689964e+00
1.773485603367000e-04	1.206221e+01	5.639355e+00
1.773675906023320e-04	1.205627e+01	5.603589e+00
1.773862124306759e-04	1.205252e+01	5.582768e+00
1.774070186862336e-04	1.205033e+01	5.571627e+00
1.774281923846922e-04	1.204946e+01	5.567682e+00
1.774386744177164e-04	1.204940e+01	5.567587e+00
1.774499122932542e-04	1.204954e+01	5.568279e+00
1.774600967500305e-04	1.204973e+01	5.568997e+00
1.774723543738375e-04	1.204996e+01	5.569726e+00
1.774837738438416e-04	1.205017e+01	5.570128e+00
1.774954309333519e-04	1.205033e+01	5.570163e+00
1.775082362539427e-04	1.205046e+01	5.569750e+00
1.775233724150575e-04	1.205052e+01	5.568687e+00
1.775469614873692e-04	1.205046e+01	5.566139e+00
1.775876660867192e-04	1.205017e+01	5.560642e+00
1.776222584856476e-04	1.204983e+01	5.555582e+00
1.776626193392523e-04	1.204941e+01	5.549697e+00
1.776995730725731e-04	1.204906e+01	5.544503e+00
1.777589044143164e-04	1.204853e+01	5.536352e+00
1.778406952407695e-04	1.204780e+01	5.525143e+00
1.779344283269843e-04	1.204697e+01	5.512260e+00
1.780812901224804e-04	1.204566e+01	5.492063e+00
1.782766026224804e-04	1.204391e+01	5.465220e+00
1.784719151224804e-04	1.204217e+01	5.438386e+00
1.786672276224804e-04	1.204043e+01	5.411563e+00
1.788625401224804e-04	1.203869e+01	5.384750e+00
1.790578526224804e-04	1.203695e+01	5.357947e+00
1.794484776224805e-04	1.203347e+01	5.304372e+00
1.800344151224805e-04	1.202825e+01	5.224086e+00
1.808714686939091e-04	1.202082e+01	5.109554e+00
1.817085222653377e-04	1.201339e+01	4.995208e+00
1.825455758367663e-04	1.200598e+01	4.881050e+00
1.833826294081949e-04	1.199857e+01	4.767080e+00
1.842196829796235e-04	1.199118e+01	4.653297e+00
1.850567365510520e-04	1.198381e+01	4.539702e+00
1.858937901224806e-04	1.197644e+01	4.426293e+00
1.944875401224809e-04	1.190152e+01	3.272681e+00
1.946828526224809e-04	1.189983e+01	3.246687e+00
1.947880646656166e-04	1.189892e+01	3.232688e+00
1.947950714278501e-04	1.189886e+01	3.231756e+00
1.948090849523173e-04	1.189874e+01	3.229892e+00
1.948371120012516e-04	1.189850e+01	3.226164e+00
1.948379878465308e-04	1.189849e+01	3.226047e+00
1.948397395370892e-04	1.189848e+01	3.225814e+00
1.948432429182059e-04	1.189845e+01	3.225348e+00
1.948502496804395e-04	1.189839e+01	3.224416e+00
1.948642632049067e-04	1.189827e+01	3.222552e+00
1.948677665860234e-04	1.189823e+01	3.222086e+00
1.948747733482570e-04	1.189721e+01	3.221139e+00
1.948797477130546e-04	1.187406e+01	3.220112e+00
1.948837125563679e-04	1.161765e+01	3.215585e+00
1.948868349747382e-04	1.055854e+01	3.198721e+00
1.948888106157933e-04	8.492304e+00	3.166126e+00
1.948903668421801e-04	5.586857e+00	3.119067e+00
1.948917989855051e-04	2.581925e+00	3.067639e+00
1.948924461887161e-04	1.611184e+00	3.048640e+00
1.948933096362170e-04	9.315519e-01	3.031203e+00
1.948937271116803e-04	7.538530e-01	3.024907e+00
1.948942411003752e-04	6.293055e-01	3.018622e+00
1.948948134551774e-04	5.334803e-01	3.012474e+00
1.948957356079029e-04	4.348347e-01	3.003886e+00
1.948967427338226e-04	3.709013e-01	2.995865e+00
1.948979709543117e-04	3.326278e-01	2.987735e+00
1.948994015115474e-04	3.169408e-01	2.980079e+00
1.949010738876029e-04	3.138497e-01	2.973088e+00
1.949028798733102e-04	3.137146e-01	2.967659e+00
1.949056978626130e-04	3.135482e-01	2.963197e+00
1.949113338412185e-04	3.133433e-01	2.963922e+00
1.949210805988098e-04	3.131715e-01	2.981162e+00
1.949310958023378e-04	3.131344e-01	3.011199e+00
1.949448374298685e-04	3.131860e-01	3.060434e+00
1.949611275787774e-04	3.132832e-01	3.117144e+00
1.949773635306810e-04	3.133757e-01	3.164416e+00
1.949972584885145e-04	3.134629e-01	3.206743e+00
1.950158410015887e-04	3.135150e-01	3.231661e+00
1.950377085787334e-04	3.135458e-01	3.246554e+00
1.950637192056490e-04	3.135595e-01	3.254002e+00
1.950738185006986e-04	3.135594e-01	3.254901e+00
1.950817470770057e-04	3.135581e-01	3.254970e+00
1.950911609753893e-04	3.135562e-01	3.254973e+00
1.951006447559516e-04	3.135541e-01	3.255057e+00
1.951113953164358e-04	3.135521e-01	3.255365e+00
1.951222926815549e-04	3.135505e-01	3.256004e+00
1.951366787427353e-04	3.135497e-01	3.257400e+00
1.951552796024938e-04	3.135500e-01	3.260023e+00
1.951818257043958e-04	3.135532e-01	3.264935e+00
1.952242986595035e-04	3.135609e-01	3.274075e+00
1.952610585812194e-04	3.135687e-01	3.282387e+00
1.953090035019264e-04	3.135788e-01	3.293149e+00
1.953523043416195e-04	3.135876e-01	3.302639e+00
1.954325279358871e-04	3.136032e-01	3.320029e+00
1.959399903791848e-04	3.137029e-01	3.430292e+00
1.964474528224826e-04	3.138026e-01	3.540557e+00
1.969549152657803e-04	3.139022e-01	3.650822e+00
1.974623777090781e-04	3.140019e-01	3.761088e+00
1.979698401523758e-04	3.141016e-01	3.871355e+00
1.984773025956736e-04	3.142012e-01	3.981624e+00
1.989847650389713e-04	3.143009e-01	4.091893e+00
1.999613275389713e-04	3.144928e-01	4.304083e+00
2.000000000000000e-04	3.144966e-01	4.312485e+00
