time	V(n003)	V(n006)
0.000000000000000e+00	0.000000e+00	0.000000e+00
1.124999980258129e-13	-8.664410e-01	2.798799e-01
1.374999975871046e-13	6.000848e-02	4.521463e-02
1.423169252672456e-13	6.000848e-02	8.539015e-09
1.519507806275276e-13	6.000848e-02	9.117046e-09
2.097539127892195e-13	6.000848e-02	1.258523e-08
1.000000000000000e-12	6.000848e-02	6.000000e-08
2.896148924254719e-10	6.000626e-02	6.000000e-08
5.782297848509438e-10	5.999985e-02	6.000000e-08
8.668446772764156e-10	5.998925e-02	6.000000e-08
1.155459569701888e-09	5.997444e-02	6.000000e-08
1.444074462127359e-09	5.995543e-02	6.000000e-08
1.732689354552831e-09	5.993223e-02	6.000000e-08
2.021304246978302e-09	5.990483e-02	6.000000e-08
4.041670150630911e-09	5.960529e-02	6.000000e-08
6.848170201481810e-09	5.889446e-02	6.000000e-08
9.671229762206602e-09	5.786991e-02	6.000000e-08
1.270104454790202e-08	5.647109e-02	6.000000e-08
1.545964855777409e-08	5.496524e-02	6.000000e-08
1.837146304988911e-08	5.317377e-02	6.000000e-08
2.118066782879606e-08	5.128109e-02	6.000000e-08
2.413424855001287e-08	4.915037e-02	6.000000e-08
2.700650004966249e-08	4.696904e-02	6.000000e-08
2.997752663829148e-08	4.462818e-02	6.000000e-08
3.289946381127075e-08	4.226759e-02	6.000000e-08
3.590741738473712e-08	3.980162e-02	6.000000e-08
3.889414584790422e-08	3.733889e-02	6.000000e-08
4.195735705382967e-08	3.481919e-02	6.000000e-08
4.502119242046225e-08	3.232363e-02	6.000000e-08
4.815966949992042e-08	2.981000e-02	6.000000e-08
5.143077092528830e-08	2.725240e-02	6.000000e-08
5.553676822040223e-08	2.415424e-02	6.000000e-08
6.035272002803032e-08	2.070759e-02	6.000000e-08
6.653445867408512e-08	1.662072e-02	6.000000e-08
7.387461008493717e-08	1.230363e-02	6.000000e-08
8.387461008493717e-08	7.392563e-03	6.000000e-08
9.387461008493717e-08	3.575531e-03	6.000000e-08
1.038746100849372e-07	7.641932e-04	6.000000e-08
1.138746100849372e-07	-1.172528e-03	6.000000e-08
1.238746100849372e-07	-2.384970e-03	6.000000e-08
1.338746100849372e-07	-3.025618e-03	6.000000e-08
1.438746100849372e-07	-3.237494e-03	6.000000e-08
1.538746100849372e-07	-3.147050e-03	6.000000e-08
1.638746100849372e-07	-2.860599e-03	6.000000e-08
1.772946018736342e-07	-2.318734e-03	6.000000e-08
1.935870057908187e-07	-1.598666e-03	6.000000e-08
2.098325227850538e-07	-9.524418e-04	6.000000e-08
2.230172088322776e-07	-5.337357e-04	6.000000e-08
2.382709366882024e-07	-1.826399e-04	6.000000e-08
2.524309629199739e-07	2.589792e-05	6.000000e-08
2.688174648571171e-07	1.551312e-04	6.000000e-08
2.849191558547876e-07	1.981339e-04	6.000000e-08
3.029938574362112e-07	1.875283e-04	6.000000e-08
3.210997022202101e-07	1.471475e-04	6.000000e-08
3.419822319223172e-07	9.356655e-05	6.000000e-08
3.590525331862442e-07	5.605811e-05	6.000000e-08
3.734336756538660e-07	3.241424e-05	6.000000e-08
3.891901933164380e-07	1.496840e-05	6.000000e-08
4.062180584187817e-07	4.464964e-06	6.000000e-08
4.248604693190736e-07	1.296406e-07	6.000000e-08
4.460102905929470e-07	5.596246e-07	6.000000e-08
4.719888876258488e-07	4.196410e-06	6.000000e-08
5.090734137831646e-07	9.297324e-06	6.000000e-08
5.530634742961785e-07	1.206715e-05	6.000000e-08
6.008185457334354e-07	1.209968e-05	6.000000e-08
6.505987468096303e-07	1.142263e-05	6.000000e-08
7.033532405813236e-07	1.115937e-05	6.000000e-08
7.314078656157717e-07	1.119242e-05	6.000000e-08
7.465818828148630e-07	1.122297e-05	6.000000e-08
7.546756565357326e-07	1.123878e-05	6.000000e-08
7.601606576896038e-07	1.124882e-05	6.000000e-08
7.653425023482926e-07	1.125768e-05	6.000000e-08
7.705572318523563e-07	1.126593e-05	6.000000e-08
7.775239978180765e-07	1.127584e-05	6.000000e-08
7.870090244286227e-07	1.128728e-05	6.000000e-08
8.011412182788262e-07	1.130025e-05	6.000000e-08
8.213519750833718e-07	1.131174e-05	6.000000e-08
8.517234558351295e-07	1.131896e-05	6.000000e-08
8.968370657343575e-07	1.132108e-05	6.000000e-08
9.383234944612839e-07	1.132273e-05	6.000000e-08
9.961272573991867e-07	1.132869e-05	6.000000e-08
1.103870133144271e-06	1.134208e-05	6.000000e-08
1.112003636501680e-06	1.134301e-05	6.000000e-08
1.144537649931315e-06	1.134648e-05	6.000000e-08
1.187916334504162e-06	1.135079e-05	6.000000e-08
1.274673703649856e-06	1.135895e-05	6.000000e-08
1.448188441941243e-06	1.137358e-05	6.000000e-08
1.795217918524018e-06	1.139628e-05	6.000000e-08
2.192191683066782e-06	1.141419e-05	6.000000e-08
2.638981567915737e-06	1.142742e-05	6.000000e-08
3.250247314631964e-06	1.143817e-05	6.000000e-08
4.472778808064418e-06	1.144747e-05	6.000000e-08
5.665543176947216e-06	1.144966e-05	6.000000e-08
7.425700349454231e-06	1.145038e-05	6.000000e-08
9.721766987298508e-06	1.145042e-05	6.000000e-08
1.195764633806793e-05	1.145042e-05	6.000000e-08
1.200789081786050e-05	1.145042e-05	6.000000e-08
1.205090809692447e-05	1.145042e-05	6.000000e-08
1.209515710086951e-05	1.145042e-05	6.000000e-08
1.210621935185577e-05	1.145042e-05	6.000000e-08
1.212834385382829e-05	1.145042e-05	6.000000e-08
1.213387497932142e-05	1.145042e-05	6.000000e-08
1.214493723030768e-05	1.145042e-05	6.000000e-08
1.216706173228020e-05	1.145042e-05	6.000000e-08
1.217259285777333e-05	1.145042e-05	6.000000e-08
1.217397563914662e-05	1.145042e-05	6.000000e-08
1.217674120189318e-05	1.145042e-05	6.000000e-08
1.217863851932262e-05	1.145042e-05	6.000000e-08
1.217995375426387e-05	1.145042e-05	6.000000e-08
1.218091837876861e-05	1.145042e-05	6.000000e-08
1.218180380867086e-05	1.145042e-05	6.000000e-08
1.218274348287666e-05	1.145042e-05	6.000000e-08
1.218362437219618e-05	1.145042e-05	6.000000e-08
1.218454930453277e-05	1.145042e-05	6.000000e-08
1.218545984332132e-05	1.145042e-05	6.000000e-08
1.218642165992724e-05	1.145042e-05	6.000000e-08
1.218742244204798e-05	1.145042e-05	6.000000e-08
1.218855531476781e-05	1.145042e-05	6.000000e-08
1.219004027105963e-05	1.145042e-05	6.000000e-08
1.219080979562663e-05	1.145042e-05	6.000000e-08
1.219139566731977e-05	1.145042e-05	6.000000e-08
1.219215273812604e-05	1.145042e-05	6.000000e-08
1.219254237160051e-05	1.145042e-05	6.000000e-08
1.219296594452487e-05	1.145042e-05	6.000000e-08
1.219350219327908e-05	1.145042e-05	6.000000e-08
1.219422274733151e-05	1.145042e-05	6.000000e-08
1.219502737032013e-05	1.145042e-05	6.000000e-08
1.219605064982796e-05	1.145042e-05	6.000000e-08
1.219725835192247e-05	1.145042e-05	6.000000e-08
1.219877803288774e-05	1.145041e-05	6.000000e-08
1.220069582573296e-05	1.145041e-05	6.000000e-08
1.223166909120979e-05	1.144985e-05	6.000000e-08
1.226264235668662e-05	1.144909e-05	6.000000e-08
1.229361562216344e-05	1.144812e-05	6.000000e-08
1.232458888764027e-05	1.144695e-05	6.000000e-08
1.235556215311709e-05	1.144559e-05	6.000000e-08
1.238653541859392e-05	1.144402e-05	6.000000e-08
1.241750868407074e-05	1.144225e-05	6.000000e-08
1.483901920566070e-05	1.133317e-05	6.000000e-08
1.726052972725065e-05	1.122408e-05	6.000000e-08
1.968204024884060e-05	1.111500e-05	6.000000e-08
2.210355077043055e-05	1.100591e-05	6.000000e-08
2.452506129202050e-05	1.089682e-05	6.000000e-08
2.694657181361045e-05	1.078772e-05	6.000000e-08
2.936808233520040e-05	1.067863e-05	6.000000e-08
4.401651983520040e-05	1.001867e-05	6.000000e-08
5.866495733520040e-05	9.358752e-06	5.999999e-08
7.331339483520040e-05	8.698797e-06	5.999999e-08
8.796183233520040e-05	8.038879e-06	5.999999e-08
1.026102698352004e-04	7.378923e-06	5.999999e-08
1.172587073352004e-04	6.719005e-06	5.999998e-08
1.319071448352004e-04	6.059050e-06	5.999998e-08
1.465555823352004e-04	5.399132e-06	5.999998e-08
1.612040198352004e-04	4.739177e-06	5.999998e-08
1.630350745227004e-04	4.656694e-06	5.999998e-08
1.666971838977004e-04	4.491711e-06	5.999998e-08
1.712673480887666e-04	4.285817e-06	5.999998e-08
1.752666380928054e-04	4.105642e-06	5.999998e-08
1.793989909460809e-04	3.919473e-06	5.999998e-08
1.838401438883071e-04	3.719392e-06	5.999998e-08
1.885494724487478e-04	3.507228e-06	5.999998e-08
1.979681295696292e-04	3.082902e-06	5.999998e-08
2.126165670696292e-04	2.422966e-06	5.999998e-08
2.272650045696292e-04	1.763030e-06	5.999997e-08
2.419134420696292e-04	1.103093e-06	5.999997e-08
2.565618795696292e-04	4.431573e-07	5.999997e-08
2.712103170696293e-04	-2.167790e-07	5.999997e-08
2.858587545696293e-04	-8.767149e-07	5.999996e-08
3.005071920696293e-04	-1.536651e-06	5.999996e-08
3.151556295696293e-04	-2.196587e-06	5.999996e-08
3.298040670696293e-04	-2.856523e-06	5.999996e-08
3.444525045696293e-04	-3.516459e-06	5.999996e-08
3.591009420696293e-04	-4.176395e-06	5.999996e-08
3.737493795696294e-04	-4.836331e-06	5.999996e-08
3.883978170696294e-04	-5.496267e-06	5.999996e-08
4.176946920696294e-04	-6.816138e-06	5.999995e-08
4.616400045696294e-04	-8.795945e-06	5.999994e-08
5.034926831410581e-04	-1.068148e-05	5.999994e-08
5.453453617124867e-04	-1.256700e-05	5.999993e-08
5.871980402839152e-04	-1.445253e-05	5.999993e-08
6.290507188553439e-04	-1.633806e-05	5.999992e-08
6.709033974267725e-04	-1.822359e-05	5.999992e-08
7.127560759982012e-04	-2.010912e-05	5.999991e-08
7.546087545696297e-04	-2.199465e-05	5.999991e-08
7.692571920696297e-04	-2.265458e-05	5.999991e-08
7.839056295696297e-04	-2.331452e-05	5.999991e-08
7.985540670696297e-04	-2.397445e-05	5.999990e-08
8.132025045696297e-04	-2.463439e-05	5.999990e-08
8.278509420696298e-04	-2.529432e-05	5.999990e-08
8.571478170696298e-04	-2.661419e-05	5.999989e-08
8.717962545696298e-04	-2.727413e-05	5.999989e-08
8.864446920696298e-04	-2.793406e-05	5.999989e-08
9.010931295696298e-04	-2.859399e-05	5.999989e-08
9.157415670696298e-04	-2.925393e-05	5.999988e-08
9.303900045696298e-04	-2.991386e-05	5.999988e-08
9.450384420696299e-04	-3.057380e-05	5.999988e-08
9.468694967571298e-04	-3.065629e-05	5.999988e-08
9.505316061321298e-04	-3.082127e-05	5.999988e-08
9.553194808444517e-04	-3.103697e-05	5.999988e-08
9.559957196275194e-04	-3.106744e-05	5.999988e-08
9.573481971936550e-04	-3.112837e-05	5.999988e-08
9.576347345917952e-04	-3.114128e-05	5.999988e-08
9.582078093880758e-04	-3.116710e-05	5.999988e-08
9.588660461741101e-04	-3.119675e-05	5.999988e-08
9.594104860905469e-04	-3.122128e-05	5.999988e-08
9.595329710473601e-04	-3.122680e-05	5.999988e-08
9.596962843231109e-04	-3.123415e-05	5.999988e-08
9.599072595366223e-04	-3.124366e-05	5.999988e-08
9.599363068213302e-04	-3.124497e-05	5.999988e-08
9.599944013907460e-04	-3.124759e-05	5.999988e-08
9.600784529303374e-04	-3.125137e-05	5.999988e-08
9.601378918593586e-04	-3.125405e-05	5.999988e-08
9.601857864695766e-04	-3.125621e-05	5.999988e-08
9.602304417347640e-04	-3.125822e-05	5.999988e-08
9.602803245579695e-04	-3.126047e-05	5.999988e-08
9.603297195914560e-04	-3.126269e-05	5.999988e-08
9.603771504316208e-04	-3.126483e-05	5.999988e-08
9.604061153255577e-04	-3.126613e-05	5.999988e-08
9.604406257427859e-04	-3.126769e-05	5.999988e-08
9.604773857748196e-04	-3.126934e-05	5.999988e-08
9.605109563486792e-04	-3.127086e-05	5.999988e-08
9.605606546187681e-04	-3.127310e-05	5.999988e-08
9.606600511589459e-04	-3.127757e-05	5.999988e-08
9.608588442393015e-04	-3.128653e-05	5.999988e-08
9.612564304000127e-04	-3.130444e-05	5.999988e-08
9.616590390726969e-04	-3.132258e-05	5.999988e-08
9.621147923823899e-04	-3.134311e-05	5.999988e-08
9.625956307655310e-04	-3.136478e-05	5.999988e-08
9.626106569650041e-04	-3.136545e-05	5.999988e-08
9.628210237576284e-04	-3.137493e-05	5.999988e-08
9.630614429491990e-04	-3.138576e-05	5.999988e-08
9.635422813323401e-04	-3.140742e-05	5.999988e-08
9.636210427587250e-04	-3.141097e-05	5.999988e-08
9.651208832509988e-04	-3.147854e-05	5.999988e-08
9.666207237432726e-04	-3.154611e-05	5.999988e-08
9.681205642355465e-04	-3.161368e-05	5.999988e-08
9.696204047278203e-04	-3.168125e-05	5.999988e-08
9.711202452200941e-04	-3.174882e-05	5.999988e-08
9.726200857123680e-04	-3.181639e-05	5.999988e-08
9.741199262046418e-04	-3.188396e-05	5.999988e-08
1.250142769679075e-03	-4.431920e-05	5.999984e-08
1.526165613153508e-03	-5.675442e-05	5.999981e-08
1.802188456627941e-03	-6.918963e-05	5.999977e-08
2.078211300102375e-03	-8.162482e-05	5.999974e-08
2.354234143576808e-03	-9.405999e-05	5.999970e-08
2.630256987051241e-03	-1.064952e-04	5.999967e-08
2.906279830525674e-03	-1.189303e-04	5.999964e-08
2.962525569164863e-03	-1.214642e-04	5.999963e-08
3.018771307804053e-03	-1.239982e-04	5.999962e-08
3.075017046443242e-03	-1.265321e-04	5.999962e-08
3.131262785082431e-03	-1.290660e-04	5.999961e-08
3.187508523721621e-03	-1.316000e-04	5.999960e-08
3.243754262360811e-03	-1.341339e-04	5.999959e-08
3.300000001000000e-03	-1.366678e-04	5.999959e-08
3.300000002000000e-03	-1.366678e-04	-4.112412e-13
3.321474838314191e-03	-1.376353e-04	-4.139286e-13
3.336123275814191e-03	-1.382952e-04	-4.157617e-13
3.350771713314191e-03	-1.389551e-04	-4.175949e-13
3.363508411659174e-03	-1.395289e-04	-4.191889e-13
3.377025904709819e-03	-1.401379e-04	-3.194961e-13
3.391674342209819e-03	-1.407978e-04	-3.447176e-15
3.391903224045756e-03	-1.408081e-04	-2.112655e-16
3.464874974686365e-03	-1.440956e-04	-2.158295e-16
3.537846725326974e-03	-1.473831e-04	-2.203935e-16
3.610818475967582e-03	-1.506705e-04	-2.249578e-16
3.683790226608191e-03	-1.539580e-04	-2.295222e-16
3.756761977248800e-03	-1.572454e-04	-2.340867e-16
3.829733727889408e-03	-1.605328e-04	-2.386514e-16
3.902705478530017e-03	-1.638203e-04	-2.432163e-16
3.946650791030016e-03	-1.658001e-04	-2.459655e-16
4.061414963740014e-03	-1.709703e-04	-2.531452e-16
4.176179136450012e-03	-1.761405e-04	-2.603253e-16
4.290943309160009e-03	-1.813107e-04	-2.675059e-16
4.405707481870007e-03	-1.864810e-04	-2.746868e-16
4.520471654580006e-03	-1.916512e-04	-2.818682e-16
4.635235827290004e-03	-1.968214e-04	-2.890499e-16
4.750000000000001e-03	-2.019916e-04	-2.962321e-16
4.750000000100001e-03	-2.019916e-04	7.948904e-01
4.750000000108021e-03	-2.019916e-04	8.274097e-01
4.750000000156144e-03	-2.019916e-04	8.433968e-01
4.750000000202279e-03	-2.019916e-04	8.529120e-01
4.750000000294550e-03	-2.019916e-04	8.651755e-01
4.750000000479091e-03	-2.019916e-04	8.806611e-01
4.750000000848175e-03	-2.019916e-04	9.017676e-01
4.750000001000001e-03	-2.019916e-04	9.088033e-01
4.750000010605550e-03	-2.020034e-04	1.042812e+00
4.750000020211100e-03	-2.019849e-04	1.175543e+00
4.750000029816649e-03	-2.019361e-04	1.306995e+00
4.750000039422198e-03	-2.018572e-04	1.437168e+00
4.750000049027747e-03	-2.017479e-04	1.566063e+00
4.750000058633297e-03	-2.016084e-04	1.693679e+00
4.750000068238846e-03	-2.014387e-04	1.820017e+00
4.750000102569442e-03	-2.003779e-04	2.263057e+00
4.750000140274773e-03	-1.985010e-04	2.729779e+00
4.750000207019102e-03	-1.933552e-04	3.502900e+00
4.750000340507762e-03	-1.760966e-04	4.875376e+00
4.750000607485080e-03	-1.138990e-04	7.069181e+00
4.750001141439718e-03	1.197408e-04	1.018436e+01
4.750001711976180e-03	5.276636e-04	1.223391e+01
4.750002480958583e-03	1.329484e-03	1.367267e+01
4.750003310987326e-03	2.510631e-03	1.439528e+01
4.750004492333757e-03	4.735096e-03	1.478060e+01
4.750005928723175e-03	8.261390e-03	1.492560e+01
4.750008192733620e-03	1.552807e-02	1.497284e+01
4.750011542665290e-03	2.976793e-02	1.498544e+01
4.750018242528630e-03	6.874049e-02	1.498966e+01
4.750026473759985e-03	1.319245e-01	1.499103e+01
4.750037537582965e-03	2.356177e-01	1.499158e+01
4.750053983349225e-03	4.145803e-01	1.499191e+01
4.750075272119040e-03	6.700410e-01	1.499211e+01
4.750097093942229e-03	9.446105e-01	1.499221e+01
4.750121589041263e-03	1.258370e+00	1.499228e+01
4.750122222940081e-03	1.266530e+00	1.499228e+01
4.750123490737718e-03	1.282852e+00	1.499228e+01
4.750126026332992e-03	1.315505e+00	1.499229e+01
4.750131097523539e-03	1.380841e+00	1.499230e+01
4.750131255998244e-03	1.382883e+00	1.499230e+01
4.750131572947653e-03	1.386968e+00	1.499230e+01
4.750132206846471e-03	1.395138e+00	1.499230e+01
4.750133514262784e-03	1.411989e+00	1.499230e+01
4.750134068924250e-03	1.419139e+00	1.499230e+01
4.750134293509823e-03	1.422034e+00	1.499230e+01
4.750134518095395e-03	1.424929e+00	1.499230e+01
4.750134742680968e-03	1.427824e+00	1.499230e+01
4.750134967266539e-03	1.430719e+00	1.499230e+01
4.750135191852111e-03	1.433615e+00	1.499230e+01
4.750135416437684e-03	1.436510e+00	1.499230e+01
4.750135641023256e-03	1.439405e+00	1.499230e+01
4.750135641037765e-03	1.439406e+00	1.499230e+01
4.750135641041825e-03	1.439406e+00	1.499230e+01
4.750135641045883e-03	1.439406e+00	1.499230e+01
4.750135641049942e-03	1.439406e+00	1.499230e+01
4.750135641054001e-03	1.439406e+00	1.499230e+01
4.750135641058061e-03	1.439406e+00	1.499230e+01
4.750135641062119e-03	1.439406e+00	1.499230e+01
4.750135641066178e-03	1.439406e+00	1.499230e+01
4.750135641080385e-03	1.439406e+00	1.499230e+01
4.750135641085221e-03	1.439406e+00	1.499230e+01
4.750135641085372e-03	1.439406e+00	1.499230e+01
4.750135641085674e-03	1.439406e+00	1.499230e+01
4.750135641086279e-03	1.439406e+00	1.499230e+01
4.750135641087488e-03	1.439406e+00	1.499230e+01
4.750135641089981e-03	1.439406e+00	1.499230e+01
4.750135641090132e-03	1.439406e+00	1.499230e+01
4.750135641090434e-03	1.439406e+00	1.499230e+01
4.750135641090445e-03	1.439406e+00	1.499230e+01
4.750135641090465e-03	1.439406e+00	1.499230e+01
4.750135641090504e-03	1.439406e+00	1.499230e+01
4.750135641090515e-03	1.439406e+00	1.499230e+01
4.750135641090535e-03	1.439406e+00	1.499230e+01
4.750135641090545e-03	1.439406e+00	1.499230e+01
4.750135641090565e-03	1.439406e+00	1.499230e+01
4.750135641090605e-03	1.439406e+00	1.499230e+01
4.750135641090685e-03	1.439406e+00	1.499230e+01
4.750135641090695e-03	1.439406e+00	1.499230e+01
4.750135641090715e-03	1.439406e+00	1.499230e+01
4.750136641090716e-03	1.113091e+00	1.499230e+01
4.750137641090716e-03	1.121834e+00	1.499230e+01
4.750138641090716e-03	1.130575e+00	1.499230e+01
4.750139430664160e-03	1.487487e+00	1.499231e+01
4.750139442832203e-03	1.487644e+00	1.499231e+01
4.750139661856966e-03	1.490467e+00	1.499231e+01
4.750139880881729e-03	1.493290e+00	1.499231e+01
4.750140099906492e-03	1.496113e+00	1.499231e+01
4.750140318931255e-03	1.498936e+00	1.499231e+01
4.750140537956017e-03	1.501759e+00	1.499231e+01
4.750140756980781e-03	1.504582e+00	1.499231e+01
4.750140976005544e-03	1.507405e+00	1.499231e+01
4.750142533514970e-03	1.527482e+00	1.499231e+01
4.750145648533822e-03	1.567640e+00	1.499231e+01
4.750151878571526e-03	1.647920e+00	1.499232e+01
4.750164338646935e-03	1.808427e+00	1.499234e+01
4.750179259135813e-03	2.000587e+00	1.499235e+01
4.750192561763859e-03	2.171823e+00	1.499236e+01
4.750206792996817e-03	2.354887e+00	1.499237e+01
4.750221207250114e-03	2.540156e+00	1.499238e+01
4.750236553125625e-03	2.737221e+00	1.499239e+01
4.750252852242239e-03	2.946318e+00	1.499240e+01
4.750270117139341e-03	3.167567e+00	1.499240e+01
4.750288219366744e-03	3.399280e+00	1.499241e+01
4.750307749182090e-03	3.648960e+00	1.499242e+01
4.750331180625140e-03	3.948100e+00	1.499242e+01
4.750348485845962e-03	4.168734e+00	1.499243e+01
4.750366450357014e-03	4.397509e+00	1.499243e+01
4.750387719398291e-03	4.668019e+00	1.499244e+01
4.750409804853812e-03	4.948514e+00	1.499244e+01
4.750436972743293e-03	5.293001e+00	1.499244e+01
4.750470588017586e-03	5.718392e+00	1.499245e+01
4.750532349768916e-03	6.497530e+00	1.499245e+01
4.750590581975827e-03	7.229259e+00	1.499246e+01
4.750654696335213e-03	8.031674e+00	1.499246e+01
4.750742079188521e-03	9.114095e+00	1.499247e+01
4.750916844895136e-03	1.121810e+01	1.499247e+01
4.751095051089720e-03	1.332803e+01	1.499248e+01
4.751451463478887e-03	1.343456e+01	1.499249e+01
4.752079152903907e-03	1.345597e+01	1.499249e+01
4.752786492058694e-03	1.346509e+01	1.499249e+01
4.754127209759126e-03	1.347153e+01	1.499250e+01
4.755338952360151e-03	1.347346e+01	1.499250e+01
4.757270244572071e-03	1.347462e+01	1.499250e+01
4.759309252082147e-03	1.347481e+01	1.499250e+01
4.763035906367753e-03	1.347485e+01	1.499250e+01
4.765151685228807e-03	1.347485e+01	1.499250e+01
4.766384342462572e-03	1.347485e+01	1.499250e+01
4.767757848167957e-03	1.347485e+01	1.499250e+01
4.768508286056032e-03	1.347485e+01	1.499250e+01
4.769275761540620e-03	1.347485e+01	1.499250e+01
4.769342955361240e-03	1.347485e+01	1.499250e+01
4.769477343002480e-03	1.347485e+01	1.499250e+01
4.769746118284960e-03	1.347485e+01	1.499250e+01
4.770165709592566e-03	1.347485e+01	1.499250e+01
4.770493089972646e-03	1.347485e+01	1.499250e+01
4.771508483853107e-03	1.347485e+01	1.499250e+01
4.771897928526783e-03	1.347485e+01	1.499250e+01
4.772282847062663e-03	1.347485e+01	1.499250e+01
4.772722430198199e-03	1.347485e+01	1.499250e+01
4.773178488658984e-03	1.347485e+01	1.499250e+01
4.773252947645169e-03	1.347485e+01	1.499250e+01
4.773401865617539e-03	1.347485e+01	1.499250e+01
4.773699701562280e-03	1.347485e+01	1.499250e+01
4.773765892569649e-03	1.347485e+01	1.499250e+01
4.773898274584388e-03	1.347485e+01	1.499250e+01
4.773931370088073e-03	1.347485e+01	1.499250e+01
4.774129943110180e-03	1.347485e+01	1.499250e+01
4.774394707139657e-03	1.347485e+01	1.499250e+01
4.774701921334384e-03	1.347485e+01	1.499250e+01
4.775051012879488e-03	1.347485e+01	1.499250e+01
4.775522524524833e-03	1.347485e+01	1.499250e+01
4.775983454659721e-03	1.347485e+01	1.499250e+01
4.776396388269786e-03	1.347485e+01	1.499250e+01
4.776769774812121e-03	1.347485e+01	1.499250e+01
4.777085977255281e-03	1.347485e+01	1.499250e+01
4.777408296393951e-03	1.347485e+01	1.499250e+01
4.777791478073619e-03	1.347485e+01	1.499250e+01
4.778279315663347e-03	1.347485e+01	1.499250e+01
4.778848071965716e-03	1.347485e+01	1.499250e+01
4.779329523496861e-03	1.347485e+01	1.499250e+01
4.779673490933696e-03	1.347485e+01	1.499250e+01
4.779995550547515e-03	1.347485e+01	1.499250e+01
4.780323986412126e-03	1.347485e+01	1.499250e+01
4.780787915360780e-03	1.347485e+01	1.499250e+01
4.781343032847424e-03	1.347485e+01	1.499250e+01
4.781875307227830e-03	1.347485e+01	1.499250e+01
4.782242436764222e-03	1.347485e+01	1.499250e+01
4.782562240571914e-03	1.347485e+01	1.499250e+01
4.782886818035865e-03	1.347485e+01	1.499250e+01
4.783291916451726e-03	1.347485e+01	1.499250e+01
4.783800267458751e-03	1.347485e+01	1.499250e+01
4.784503671565169e-03	1.347485e+01	1.499250e+01
4.784913258201373e-03	1.347485e+01	1.499250e+01
4.785240839506588e-03	1.347485e+01	1.499250e+01
4.785576526725372e-03	1.347485e+01	1.499250e+01
4.785960549661368e-03	1.347485e+01	1.499250e+01
4.786462776875740e-03	1.347485e+01	1.499250e+01
4.787121172528578e-03	1.347485e+01	1.499250e+01
4.787543127264367e-03	1.347485e+01	1.499250e+01
4.787874201591897e-03	1.347485e+01	1.499250e+01
4.788217149335038e-03	1.347485e+01	1.499250e+01
4.788572424334127e-03	1.347485e+01	1.499250e+01
4.789060797459556e-03	1.347485e+01	1.499250e+01
4.789649057452500e-03	1.347485e+01	1.499250e+01
4.790079992495334e-03	1.347485e+01	1.499250e+01
4.790410609723347e-03	1.347485e+01	1.499250e+01
4.790727342060561e-03	1.347485e+01	1.499250e+01
4.791046566740412e-03	1.347485e+01	1.499250e+01
4.791474752811524e-03	1.347485e+01	1.499250e+01
4.791975062395814e-03	1.347485e+01	1.499250e+01
4.792632300531841e-03	1.347485e+01	1.499250e+01
4.793010046123512e-03	1.347485e+01	1.499250e+01
4.793333199637556e-03	1.347485e+01	1.499250e+01
4.793664229577426e-03	1.347485e+01	1.499250e+01
4.794043190656462e-03	1.347485e+01	1.499250e+01
4.794535266382242e-03	1.347485e+01	1.499250e+01
4.795159665279403e-03	1.347485e+01	1.499250e+01
4.795547938016535e-03	1.347485e+01	1.499250e+01
4.795872755102993e-03	1.347485e+01	1.499250e+01
4.796217115925418e-03	1.347485e+01	1.499250e+01
4.796537539810393e-03	1.347485e+01	1.499250e+01
4.796997269673533e-03	1.347485e+01	1.499250e+01
4.797512089145355e-03	1.347485e+01	1.499250e+01
4.797993573992291e-03	1.347485e+01	1.499250e+01
4.798336756864367e-03	1.347485e+01	1.499250e+01
4.798655137095580e-03	1.347485e+01	1.499250e+01
4.798982963495974e-03	1.347485e+01	1.499250e+01
4.799335692858621e-03	1.347485e+01	1.499250e+01
4.799807725802394e-03	1.347485e+01	1.499250e+01
4.800376766643053e-03	1.347485e+01	1.499250e+01
4.800788098619228e-03	1.347485e+01	1.499250e+01
4.801113816942778e-03	1.347485e+01	1.499250e+01
4.801431765945687e-03	1.347485e+01	1.499250e+01
4.801755767701411e-03	1.347485e+01	1.499250e+01
4.802138215524323e-03	1.347485e+01	1.499250e+01
4.802620187568878e-03	1.347485e+01	1.499250e+01
4.803246820077077e-03	1.347485e+01	1.499250e+01
4.803609539901300e-03	1.347485e+01	1.499250e+01
4.803931710752720e-03	1.347485e+01	1.499250e+01
4.804286815011982e-03	1.347485e+01	1.499250e+01
4.804608764987620e-03	1.347485e+01	1.499250e+01
4.805064499376910e-03	1.347485e+01	1.499250e+01
4.805570892230096e-03	1.347485e+01	1.499250e+01
4.806081399581140e-03	1.347485e+01	1.499250e+01
4.806430673085071e-03	1.347485e+01	1.499250e+01
4.806750744586958e-03	1.347485e+01	1.499250e+01
4.807080863027404e-03	1.347485e+01	1.499250e+01
4.807425196195568e-03	1.347485e+01	1.499250e+01
4.807895856862652e-03	1.347485e+01	1.499250e+01
4.808453931842204e-03	1.347485e+01	1.499250e+01
4.808872598737451e-03	1.347485e+01	1.499250e+01
4.809202198195490e-03	1.347485e+01	1.499250e+01
4.809522137482904e-03	1.347485e+01	1.499250e+01
4.809848139708402e-03	1.347485e+01	1.499250e+01
4.810234848276362e-03	1.347485e+01	1.499250e+01
4.810719518224229e-03	1.347485e+01	1.499250e+01
4.811349641401648e-03	1.347485e+01	1.499250e+01
4.811712925277767e-03	1.347485e+01	1.499250e+01
4.812036683534589e-03	1.347485e+01	1.499250e+01
4.812360173679569e-03	1.347485e+01	1.499250e+01
4.812685592935308e-03	1.347485e+01	1.499250e+01
4.813114736278002e-03	1.347485e+01	1.499250e+01
4.813623383624790e-03	1.347485e+01	1.499250e+01
4.814217378282061e-03	1.347485e+01	1.499250e+01
4.814587477221485e-03	1.347485e+01	1.499250e+01
4.814913167701545e-03	1.347485e+01	1.499250e+01
4.815246892335455e-03	1.347485e+01	1.499250e+01
4.815624843769821e-03	1.347485e+01	1.499250e+01
4.816112708794645e-03	1.347485e+01	1.499250e+01
4.816728997343610e-03	1.347485e+01	1.499250e+01
4.817102681373018e-03	1.347485e+01	1.499250e+01
4.817429321993331e-03	1.347485e+01	1.499250e+01
4.817754103147113e-03	1.347485e+01	1.499250e+01
4.818081395870382e-03	1.347485e+01	1.499250e+01
4.818501321349092e-03	1.347485e+01	1.499250e+01
4.819006436017520e-03	1.347485e+01	1.499250e+01
4.819644938727770e-03	1.347485e+01	1.499250e+01
4.820027609091469e-03	1.347485e+01	1.499250e+01
4.820357544366239e-03	1.347485e+01	1.499250e+01
4.820716854942167e-03	1.347485e+01	1.499250e+01
4.821102977548538e-03	1.347485e+01	1.499250e+01
4.821615622042452e-03	1.347485e+01	1.499250e+01
4.822262376929342e-03	1.347485e+01	1.499250e+01
4.822639203529956e-03	1.347485e+01	1.499250e+01
4.822969850629078e-03	1.347485e+01	1.499250e+01
4.823321622414761e-03	1.347485e+01	1.499250e+01
4.823702313312558e-03	1.347485e+01	1.499250e+01
4.824154230932947e-03	1.347485e+01	1.499250e+01
4.824731028196565e-03	1.347485e+01	1.499250e+01
4.825140458224849e-03	1.347485e+01	1.499250e+01
4.825477048467959e-03	1.347485e+01	1.499250e+01
4.825829168060364e-03	1.347485e+01	1.499250e+01
4.826250828909377e-03	1.347485e+01	1.499250e+01
4.826655268883751e-03	1.347485e+01	1.499250e+01
4.827216030103203e-03	1.347485e+01	1.499250e+01
4.827810710197348e-03	1.347485e+01	1.499250e+01
4.828184149981733e-03	1.347485e+01	1.499250e+01
4.828543792064902e-03	1.347485e+01	1.499250e+01
4.829013554017516e-03	1.347485e+01	1.499250e+01
4.829438167094508e-03	1.347485e+01	1.499250e+01
4.830000283720676e-03	1.347485e+01	1.499250e+01
4.830522134922704e-03	1.347485e+01	1.499250e+01
4.830914289358724e-03	1.347485e+01	1.499250e+01
4.831312740126138e-03	1.347485e+01	1.499250e+01
4.831811768341431e-03	1.347485e+01	1.499250e+01
4.832282544131656e-03	1.347485e+01	1.499250e+01
4.832909546890588e-03	1.347485e+01	1.499250e+01
4.833319136625115e-03	1.347485e+01	1.499250e+01
4.833716619101992e-03	1.347485e+01	1.499250e+01
4.834166136577145e-03	1.347485e+01	1.499250e+01
4.834692059118801e-03	1.347485e+01	1.499250e+01
4.835234577486367e-03	1.347485e+01	1.499250e+01
4.835983826135461e-03	1.347485e+01	1.499250e+01
4.836430381256351e-03	1.347485e+01	1.499250e+01
4.836871693859200e-03	1.347485e+01	1.499250e+01
4.837469748784417e-03	1.347485e+01	1.499250e+01
4.838023706060329e-03	1.347485e+01	1.499250e+01
4.838879239857782e-03	1.347485e+01	1.499250e+01
4.839406322239668e-03	1.347485e+01	1.499250e+01
4.839915614317546e-03	1.347485e+01	1.499250e+01
4.840545757559939e-03	1.347485e+01	1.499250e+01
4.841221132352551e-03	1.347485e+01	1.499250e+01
4.841749603706180e-03	1.347485e+01	1.499250e+01
4.842242836361053e-03	1.347485e+01	1.499250e+01
4.842837833454471e-03	1.347485e+01	1.499250e+01
4.843495878001698e-03	1.347485e+01	1.499250e+01
4.844344506470834e-03	1.347485e+01	1.499250e+01
4.844849299511375e-03	1.347485e+01	1.499250e+01
4.845408242417475e-03	1.347485e+01	1.499250e+01
4.846144684709537e-03	1.347485e+01	1.499250e+01
4.846928690365388e-03	1.347485e+01	1.499250e+01
4.847533562760617e-03	1.347485e+01	1.499250e+01
4.848134758250596e-03	1.347485e+01	1.499250e+01
4.848954225891560e-03	1.347485e+01	1.499250e+01
4.849749278669511e-03	1.347485e+01	1.499250e+01
4.850425000171593e-03	1.347485e+01	1.499250e+01
4.851096809617929e-03	1.347485e+01	1.499250e+01
4.851970323425454e-03	1.347485e+01	1.499250e+01
4.852894201126653e-03	1.347485e+01	1.499250e+01
4.853578828956733e-03	1.347485e+01	1.499250e+01
4.854362153012432e-03	1.347485e+01	1.499250e+01
4.855275967105849e-03	1.347485e+01	1.499250e+01
4.856250397515052e-03	1.347485e+01	1.499250e+01
4.857110853755097e-03	1.347485e+01	1.499250e+01
4.858150606998062e-03	1.347485e+01	1.499250e+01
4.859358866994493e-03	1.347485e+01	1.499250e+01
4.860347543885075e-03	1.347485e+01	1.499250e+01
4.861498685568815e-03	1.347485e+01	1.499250e+01
4.862668606773608e-03	1.347485e+01	1.499250e+01
4.863806863500868e-03	1.347485e+01	1.499250e+01
4.865017376373601e-03	1.347485e+01	1.499250e+01
4.866012649362079e-03	1.347485e+01	1.499250e+01
4.867463132276299e-03	1.347485e+01	1.499250e+01
4.868839930789030e-03	1.347485e+01	1.499250e+01
4.870147857122587e-03	1.347485e+01	1.499250e+01
4.871599036575876e-03	1.347485e+01	1.499250e+01
4.872828071598502e-03	1.347485e+01	1.499250e+01
4.874450912105329e-03	1.347485e+01	1.499250e+01
4.877707652089386e-03	1.347485e+01	1.499250e+01
4.879764270514823e-03	1.347485e+01	1.499250e+01
4.881624283111537e-03	1.347485e+01	1.499250e+01
4.883540517540263e-03	1.347485e+01	1.499250e+01
4.885700176326595e-03	1.347485e+01	1.499250e+01
4.887649230182626e-03	1.347485e+01	1.499250e+01
4.889943491807397e-03	1.347485e+01	1.499250e+01
4.892238878804421e-03	1.347485e+01	1.499250e+01
4.894723758110465e-03	1.347485e+01	1.499250e+01
4.898121872739550e-03	1.347485e+01	1.499250e+01
4.901262639640780e-03	1.347485e+01	1.499250e+01
4.904512524260330e-03	1.347485e+01	1.499250e+01
4.909917491162268e-03	1.347485e+01	1.499250e+01
4.914720859814990e-03	1.347485e+01	1.499250e+01
4.919617615138984e-03	1.347485e+01	1.499250e+01
4.925181065111698e-03	1.347485e+01	1.499250e+01
4.955713917256035e-03	1.347485e+01	1.499250e+01
4.968753330194929e-03	1.347485e+01	1.499250e+01
4.983401767694929e-03	1.347485e+01	1.499250e+01
4.983630649530866e-03	1.347485e+01	1.499250e+01
4.984088413202740e-03	1.347485e+01	1.499250e+01
4.985003940546491e-03	1.347485e+01	1.499250e+01
4.986834995233991e-03	1.347485e+01	1.499250e+01
4.989302408037757e-03	1.347485e+01	1.499250e+01
4.989646884500621e-03	1.347485e+01	1.499250e+01
4.989991360963484e-03	1.347485e+01	1.499250e+01
4.990335837426347e-03	1.347485e+01	1.499250e+01
4.990680313889211e-03	1.347485e+01	1.499250e+01
4.991024790352075e-03	1.347485e+01	1.499250e+01
4.991369266814938e-03	1.347485e+01	1.499250e+01
4.991713743277801e-03	1.347485e+01	1.499250e+01
4.991844869318849e-03	1.347485e+01	1.499250e+01
4.991854869318849e-03	1.347485e+01	1.499250e+01
4.991864869318849e-03	1.347485e+01	1.499250e+01
4.991874869318849e-03	1.347485e+01	1.499250e+01
4.991882461419493e-03	1.347485e+01	1.499250e+01
4.991888449385994e-03	1.347485e+01	1.499250e+01
4.991891511882908e-03	1.347485e+01	1.499250e+01
4.991894759316865e-03	1.347485e+01	1.499250e+01
4.991896986794425e-03	1.347485e+01	1.499250e+01
4.991899499086921e-03	1.347485e+01	1.499250e+01
4.991904523671914e-03	1.347485e+01	1.499250e+01
4.991914572841900e-03	1.347485e+01	1.499250e+01
4.991930489857352e-03	1.347485e+01	1.499250e+01
4.991944918150568e-03	1.347485e+01	1.499250e+01
4.991962093054986e-03	1.347485e+01	1.499250e+01
4.991978013500740e-03	1.347485e+01	1.499250e+01
4.991996542485633e-03	1.347485e+01	1.499250e+01
4.992014654840202e-03	1.347485e+01	1.499250e+01
4.992037361346192e-03	1.347485e+01	1.499250e+01
4.992060544955491e-03	1.347485e+01	1.499250e+01
4.992083607721414e-03	1.347485e+01	1.499250e+01
4.992109864757001e-03	1.347485e+01	1.499250e+01
4.992136800534429e-03	1.347485e+01	1.499250e+01
4.992167034165111e-03	1.347485e+01	1.499250e+01
4.992194923025263e-03	1.347485e+01	1.499250e+01
4.992223946692399e-03	1.347485e+01	1.499250e+01
4.992251792002459e-03	1.347485e+01	1.499250e+01
4.992281098007782e-03	1.347485e+01	1.499250e+01
4.992309870088346e-03	1.347485e+01	1.499250e+01
4.992340007807371e-03	1.347485e+01	1.499250e+01
4.992370321171713e-03	1.347485e+01	1.499250e+01
4.992402680385397e-03	1.347485e+01	1.499250e+01
4.992436657464203e-03	1.347485e+01	1.499250e+01
4.992474514575010e-03	1.347485e+01	1.499250e+01
4.992516859582864e-03	1.347485e+01	1.499250e+01
4.992567320046274e-03	1.347485e+01	1.499250e+01
4.992628729197287e-03	1.347485e+01	1.499250e+01
4.992709128710207e-03	1.347485e+01	1.499250e+01
4.992819686851561e-03	1.347485e+01	1.499250e+01
4.992990273388737e-03	1.347485e+01	1.499250e+01
4.993292923146214e-03	1.347485e+01	1.499250e+01
4.993898222661167e-03	1.347485e+01	1.499250e+01
5.027881872368108e-03	1.347485e+01	1.499250e+01
5.061865522075049e-03	1.347485e+01	1.499250e+01
5.095849171781990e-03	1.347485e+01	1.499250e+01
5.129832821488931e-03	1.347485e+01	1.499250e+01
5.163816471195872e-03	1.347485e+01	1.499250e+01
5.197800120902813e-03	1.347485e+01	1.499250e+01
5.231783770609754e-03	1.347485e+01	1.499250e+01
5.319674395609752e-03	1.347485e+01	1.499250e+01
5.407565020609750e-03	1.347485e+01	1.499250e+01
5.495455645609749e-03	1.347485e+01	1.499250e+01
5.583346270609747e-03	1.347485e+01	1.499250e+01
5.671236895609745e-03	1.347485e+01	1.499250e+01
5.759127520609743e-03	1.347485e+01	1.499250e+01
5.847018145609741e-03	1.347485e+01	1.499250e+01
6.161729839236921e-03	1.347485e+01	1.499250e+01
6.476441532864101e-03	1.347485e+01	1.499250e+01
6.791153226491281e-03	1.347485e+01	1.499250e+01
7.105864920118461e-03	1.347485e+01	1.499250e+01
7.420576613745641e-03	1.347485e+01	1.499250e+01
7.735288307372822e-03	1.347485e+01	1.499250e+01
8.050000001000000e-03	1.347485e+01	1.499250e+01
8.050000001100000e-03	1.347485e+01	1.349326e+01
8.050000001300000e-03	1.347485e+01	1.049477e+01
8.050000002000002e-03	1.347485e+01	1.464400e-11
8.257142858857145e-03	1.347485e+01	1.464398e-11
8.464285715714288e-03	1.347485e+01	1.464396e-11
8.671428572571431e-03	1.347485e+01	1.464393e-11
8.878571429428574e-03	1.347485e+01	1.464391e-11
9.085714286285716e-03	1.347485e+01	1.464389e-11
9.292857143142859e-03	1.347485e+01	1.464387e-11
9.500000000000001e-03	1.347485e+01	1.464385e-11
9.500000000700001e-03	1.347485e+01	1.049474e+01
9.500000001000002e-03	1.347485e+01	1.499250e+01
9.879741943232505e-03	1.347485e+01	1.499250e+01
1.025948388546501e-02	1.347485e+01	1.499250e+01
1.063922582769751e-02	1.347485e+01	1.499250e+01
1.101896776993001e-02	1.347485e+01	1.499250e+01
1.139870971216251e-02	1.347485e+01	1.499250e+01
1.177845165439502e-02	1.347485e+01	1.499250e+01
1.215819359662752e-02	1.347485e+01	1.499250e+01
1.224988022582359e-02	1.347485e+01	1.499250e+01
1.234156685501966e-02	1.347485e+01	1.499250e+01
1.243325348421573e-02	1.347485e+01	1.499250e+01
1.252494011341180e-02	1.347485e+01	1.499250e+01
1.261662674260786e-02	1.347485e+01	1.499250e+01
1.270831337180393e-02	1.347485e+01	1.499250e+01
1.280000000100000e-02	1.347485e+01	1.499250e+01
1.280000000110000e-02	1.347485e+01	1.349326e+01
1.280000000170000e-02	1.347485e+01	4.497753e+00
1.280000000200000e-02	1.347485e+01	1.466169e-11
1.307623065155477e-02	1.347485e+01	1.466167e-11
1.307625897629881e-02	1.347485e+01	1.466167e-11
1.307630729448343e-02	1.347485e+01	1.466167e-11
1.307633827005244e-02	1.347485e+01	1.466167e-11
1.307636594573912e-02	1.347485e+01	1.466167e-11
1.307639088315485e-02	1.347485e+01	1.466167e-11
1.307641705119943e-02	1.347485e+01	1.466167e-11
1.307642828036640e-02	1.347485e+01	1.464708e-11
1.307643449237050e-02	1.347485e+01	1.460708e-11
1.307643881649492e-02	1.347485e+01	1.455344e-11
1.307644275401417e-02	1.347485e+01	1.449635e-11
1.307644692941077e-02	1.347485e+01	1.443606e-11
1.307645155035464e-02	1.347485e+01	1.436963e-11
1.307645672054713e-02	1.347485e+01	1.429569e-11
1.307646332214158e-02	1.347485e+01	1.420188e-11
1.307647237787058e-02	1.347484e+01	1.407429e-11
1.307648592122483e-02	1.347483e+01	1.388592e-11
1.307650873455551e-02	1.347473e+01	1.357341e-11
1.307652431215249e-02	1.347458e+01	1.336329e-11
1.307653425565847e-02	1.347444e+01	1.323116e-11
1.307654561299193e-02	1.347424e+01	1.308211e-11
1.307655844363022e-02	1.347396e+01	1.291563e-11
1.307656999950922e-02	1.347366e+01	1.276742e-11
1.307658087996753e-02	1.347334e+01	1.262947e-11
1.307659148259767e-02	1.347301e+01	1.249652e-11
1.307660257115183e-02	1.347264e+01	1.235897e-11
1.307661345073676e-02	1.347227e+01	1.222544e-11
1.307662337017039e-02	1.347192e+01	1.210500e-11
1.307663487824871e-02	1.347150e+01	1.196678e-11
1.307664560404631e-02	1.347111e+01	1.183949e-11
1.307666198820620e-02	1.347050e+01	1.164758e-11
1.307667554845436e-02	1.346999e+01	1.149099e-11
1.307669191726446e-02	1.346936e+01	1.130544e-11
1.307672025689826e-02	1.346825e+01	1.099217e-11
1.307676332052304e-02	1.346651e+01	1.053261e-11
1.307681780436014e-02	1.346420e+01	9.976080e-12
1.307686817346192e-02	1.346194e+01	9.492113e-12
1.307696891166548e-02	1.345700e+01	8.603755e-12
1.307711456357107e-02	1.344845e+01	7.468309e-12
1.307733157382233e-02	1.342950e+01	6.037446e-12
1.307755820753530e-02	1.334546e+01	4.794394e-12
1.307770541344541e-02	1.159155e+01	4.120094e-12
1.307781518788927e-02	1.019301e+01	3.686634e-12
1.307790334086001e-02	9.121737e+00	3.372932e-12
1.307796528100177e-02	8.335989e+00	3.169826e-12
1.307802891248554e-02	7.522019e+00	2.977480e-12
1.307814303846630e-02	6.059991e+00	2.661736e-12
1.307827273797384e-02	4.395729e+00	2.331289e-12
1.307839551272725e-02	2.818125e+00	2.063408e-12
1.307840551272725e-02	2.690901e+00	2.042996e-12
1.307841551272725e-02	2.567099e+00	2.022788e-12
1.307842551272725e-02	2.449627e+00	2.002780e-12
1.307843551272725e-02	2.341209e+00	1.982971e-12
1.307844551272725e-02	2.243890e+00	1.963325e-12
1.307844801272725e-02	2.221835e+00	1.958444e-12
1.307844863772725e-02	2.216371e+00	1.957228e-12
1.307844988772725e-02	2.205540e+00	1.954798e-12
1.307844997641269e-02	2.204780e+00	1.954626e-12
1.307844999858405e-02	2.204590e+00	1.954583e-12
1.307845019495896e-02	2.202909e+00	1.954201e-12
1.307845039133386e-02	2.201233e+00	1.953820e-12
1.307845058770876e-02	2.199562e+00	1.953438e-12
1.307845078408367e-02	2.197896e+00	1.953057e-12
1.307845098045857e-02	2.196235e+00	1.952676e-12
1.307845117683347e-02	2.194578e+00	1.952295e-12
1.307845137320838e-02	2.192927e+00	1.951914e-12
1.307845279217542e-02	2.181139e+00	1.949165e-12
1.307845563010951e-02	2.158327e+00	1.943681e-12
1.307846130597769e-02	2.115741e+00	1.932771e-12
1.307847265771405e-02	2.042244e+00	1.911139e-12
1.307848766407057e-02	1.966723e+00	1.882896e-12
1.307850562773651e-02	1.902551e+00	1.849636e-12
1.307852690946930e-02	1.851936e+00	1.810997e-12
1.307855123517092e-02	1.812350e+00	1.767568e-12
1.307857416803879e-02	1.781826e+00	1.727860e-12
1.307865417286709e-02	1.663840e+00	1.596279e-12
1.307875004739034e-02	1.510307e+00	1.452255e-12
1.307881704860396e-02	1.411718e+00	1.359143e-12
1.307888612221260e-02	1.317805e+00	1.270441e-12
1.307901624405593e-02	1.157069e+00	1.119467e-12
1.307916420636351e-02	9.976506e-01	9.719879e-13
1.307946715764121e-02	7.355675e-01	7.120365e-13
1.307948121096625e-02	7.253079e-01	7.023056e-13
1.307950931761633e-02	7.052121e-01	6.833315e-13
1.307956553091650e-02	6.666733e-01	6.463207e-13
1.307956728758213e-02	6.655051e-01	2.149665e-10
1.307957080091339e-02	6.631728e-01	8.564522e-10
1.307957782757591e-02	6.585328e-01	1.277711e-09
1.307957804715911e-02	6.583884e-01	1.277435e-09
1.307957848632552e-02	6.580995e-01	1.276884e-09
1.307957936465833e-02	6.575222e-01	1.275782e-09
1.307958112132396e-02	6.563691e-01	1.273581e-09
1.307958463465522e-02	6.540691e-01	1.269187e-09
1.307958474444683e-02	6.539973e-01	1.269050e-09
1.307958496403003e-02	6.538538e-01	1.268776e-09
1.307958540319644e-02	6.535670e-01	1.268229e-09
1.307958636387295e-02	6.529400e-01	1.267031e-09
1.307958659275448e-02	6.527907e-01	1.266746e-09
1.307958682163600e-02	6.526414e-01	1.266461e-09
1.307958705051753e-02	6.524921e-01	1.266176e-09
1.307958727939905e-02	6.523429e-01	1.265891e-09
1.307958750828058e-02	6.521938e-01	1.265606e-09
1.307958773716210e-02	6.520447e-01	1.265321e-09
1.307958796604363e-02	6.518956e-01	1.265037e-09
1.307958796609724e-02	6.518955e-01	1.265037e-09
1.307958796610226e-02	6.518955e-01	1.265037e-09
1.307958796610896e-02	6.518955e-01	1.265037e-09
1.307958796614917e-02	6.518955e-01	1.265037e-09
1.307958796615001e-02	6.518955e-01	1.265037e-09
1.307958796615168e-02	6.518955e-01	1.265037e-09
1.307958796615503e-02	6.518955e-01	1.265037e-09
1.307958796616174e-02	6.518955e-01	1.265037e-09
1.307958796617556e-02	6.518955e-01	1.265037e-09
1.307958796617807e-02	6.518955e-01	1.265037e-09
1.307958796618142e-02	6.518955e-01	1.265037e-09
1.307958796618833e-02	6.518955e-01	1.265037e-09
1.307958796618959e-02	6.518955e-01	1.265037e-09
1.307958796619126e-02	6.518955e-01	1.265037e-09
1.307958796619461e-02	6.518955e-01	1.265037e-09
1.307958796619472e-02	6.518955e-01	1.265037e-09
1.307958796619493e-02	6.518955e-01	1.265037e-09
1.307958796619534e-02	6.518955e-01	1.265037e-09
1.307958796619618e-02	6.518955e-01	1.265037e-09
1.307958796619786e-02	6.518955e-01	1.265037e-09
1.307958796619796e-02	6.518955e-01	1.265037e-09
1.307958796619816e-02	6.518955e-01	1.265037e-09
1.307958796619856e-02	6.518955e-01	4.351892e-08
1.307958896619856e-02	-7.691088e-01	2.092557e-01
1.307958898182356e-02	-7.691612e-01	2.094048e-01
1.307958998182356e-02	2.528419e-01	6.726611e-02
1.307959098182356e-02	2.527922e-01	1.938104e-02
1.307959198182356e-02	2.528021e-01	1.271994e-02
1.307959243963193e-02	6.475160e-01	1.364768e-04
1.307959244618097e-02	6.475151e-01	1.250281e-09
1.307959268381777e-02	6.474827e-01	1.249989e-09
1.307959292145457e-02	6.474491e-01	1.249697e-09
1.307959315909137e-02	6.474142e-01	1.249405e-09
1.307959339672817e-02	6.473780e-01	1.249113e-09
1.307959363436497e-02	6.473406e-01	1.248822e-09
1.307959387200177e-02	6.473019e-01	1.248530e-09
1.307959410963857e-02	6.472620e-01	1.248239e-09
1.307959578619426e-02	6.469454e-01	1.246184e-09
1.307959876343534e-02	6.462383e-01	1.242544e-09
1.307960192772394e-02	6.452956e-01	1.238685e-09
1.307960486908016e-02	6.442556e-01	1.235109e-09
1.307960760011048e-02	6.431599e-01	1.231798e-09
1.307961038702339e-02	6.419230e-01	1.228429e-09
1.307961319716816e-02	6.405643e-01	1.225042e-09
1.307961604680699e-02	6.390821e-01	1.221616e-09
1.307961886453432e-02	6.375229e-01	1.218238e-09
1.307962169341112e-02	6.358732e-01	1.214857e-09
1.307962482118709e-02	6.339616e-01	1.211130e-09
1.307962861967924e-02	6.315323e-01	1.206620e-09
1.307963313500055e-02	6.285157e-01	1.201282e-09
1.307963873959924e-02	6.246181e-01	1.194691e-09
1.307964578595548e-02	6.195481e-01	1.186459e-09
1.307965537735387e-02	6.124828e-01	1.175354e-09
1.307966924093538e-02	6.022287e-01	1.159499e-09
1.307968810839581e-02	5.886732e-01	1.138242e-09
1.307970575895352e-02	5.766996e-01	1.118706e-09
1.307972651294229e-02	5.635934e-01	1.096212e-09
1.307975369789521e-02	5.477651e-01	1.067476e-09
1.307978855813203e-02	5.289697e-01	1.031666e-09
1.307982067391730e-02	5.125306e-01	9.997235e-10
1.307985598182086e-02	4.949998e-01	9.658006e-10
1.307989233587388e-02	4.774386e-01	9.321373e-10
1.307993667800857e-02	4.567450e-01	8.927389e-10
1.307998666279429e-02	4.344579e-01	8.504262e-10
1.308005120847003e-02	4.073025e-01	7.989317e-10
1.308013173615012e-02	3.758087e-01	7.394295e-10
1.308024883421612e-02	3.342772e-01	6.595403e-10
1.308030586231267e-02	3.157585e-01	6.234189e-10
1.308034542289186e-02	3.035209e-01	5.998284e-10
1.308036698247495e-02	2.970534e-01	5.873969e-10
1.308038195341684e-02	2.926437e-01	5.789599e-10
1.308039690826000e-02	2.883041e-01	5.706687e-10
1.308041080217100e-02	2.843300e-01	5.630819e-10
1.308042782039137e-02	2.795369e-01	5.539305e-10
1.308046115637229e-02	2.703807e-01	5.364475e-10
1.308047886530079e-02	2.656393e-01	5.273966e-10
1.308049921019520e-02	2.602947e-01	5.171973e-10
1.308052078164646e-02	2.547452e-01	5.066163e-10
1.308054873413792e-02	2.477296e-01	4.932043e-10
1.308059258933995e-02	2.371481e-01	4.730199e-10
1.308063644454198e-02	2.269776e-01	4.536341e-10
1.308068029974401e-02	2.172180e-01	4.350469e-10
1.308072415494604e-02	2.078695e-01	4.172584e-10
1.308076801014807e-02	1.989320e-01	4.002684e-10
1.308081186535011e-02	1.904054e-01	3.840770e-10
1.308085572055214e-02	1.822898e-01	3.686842e-10
1.308094298613420e-02	1.670625e-01	3.401920e-10
1.308111751729833e-02	1.402711e-01	2.880834e-10
1.308118150703270e-02	1.316139e-01	2.714325e-10
1.308126682667852e-02	1.208552e-01	2.513797e-10
1.308143746597015e-02	1.018728e-01	2.166594e-10
1.308177874455343e-02	7.220203e-02	1.610811e-10
1.308218666010642e-02	4.776314e-02	1.113450e-10
1.308256057784218e-02	3.273292e-02	7.916796e-11
1.308298607873672e-02	2.126182e-02	5.400165e-11
1.308349341548224e-02	1.266903e-02	3.361611e-11
1.308396869923471e-02	7.812136e-03	2.110029e-11
1.308444868605012e-02	4.795016e-03	1.307890e-11
1.308490667958810e-02	3.013838e-03	8.259713e-12
1.308538291366929e-02	1.859920e-03	5.128177e-12
1.308584877902423e-02	1.162039e-03	3.204304e-12
1.308632516583090e-02	7.197147e-04	1.979238e-12
1.308679192999089e-02	4.518947e-04	1.231514e-12
1.308726596180344e-02	2.832500e-04	7.609821e-13
1.308773381213156e-02	1.802792e-04	4.726837e-13
1.308820703330916e-02	1.157244e-04	2.921120e-13
1.308867580016897e-02	7.615781e-05	1.811991e-13
1.308914823236950e-02	5.144905e-05	1.120038e-13
1.308961747752718e-02	3.625916e-05	6.940961e-14
1.309008927363020e-02	2.679611e-05	4.289610e-14
1.309055874349192e-02	2.096621e-05	2.654733e-14
1.309152330231146e-02	1.501130e-05	1.002987e-14
1.309374377898030e-02	1.179373e-05	1.044074e-15
1.309969686921862e-02	1.159233e-05	3.629435e-16
1.310564995945695e-02	1.144171e-05	-1.468168e-16
1.311160304969527e-02	1.134187e-05	-4.852071e-16
1.311755613993360e-02	1.129283e-05	-6.522273e-16
1.312350923017192e-02	1.129457e-05	-6.478775e-16
1.312946232041025e-02	1.134709e-05	-4.721575e-16
1.313541541064857e-02	1.145040e-05	-1.250675e-16
1.315843438386286e-02	1.145041e-05	-1.250682e-16
1.318145335707715e-02	1.145042e-05	-1.250686e-16
1.320447233029143e-02	1.145042e-05	-1.250687e-16
1.322749130350572e-02	1.145042e-05	-1.250687e-16
1.325051027672001e-02	1.145042e-05	-1.250683e-16
1.327352924993429e-02	1.145042e-05	-1.250677e-16
1.329654822314858e-02	1.145042e-05	-1.250669e-16
1.329748068414598e-02	1.145042e-05	-1.250674e-16
1.329841314514338e-02	1.145042e-05	-1.250678e-16
1.329934560614078e-02	1.145042e-05	-1.250681e-16
1.330027806713818e-02	1.145042e-05	-1.250683e-16
1.330121052813559e-02	1.145042e-05	-1.250685e-16
1.330214298913299e-02	1.145042e-05	-1.250685e-16
1.330307545013039e-02	1.145042e-05	-1.250684e-16
1.330363656077408e-02	1.145042e-05	-1.250684e-16
1.330377778613926e-02	1.145042e-05	-1.250684e-16
1.330384890061885e-02	1.145042e-05	-1.250684e-16
1.330389879015845e-02	1.145042e-05	-1.250684e-16
1.330394132851986e-02	1.145042e-05	-1.250684e-16
1.330399142781470e-02	1.145042e-05	-1.250684e-16
1.330404179814559e-02	1.145042e-05	-1.250684e-16
1.330407808696493e-02	1.145042e-05	-1.250684e-16
1.330411421366619e-02	1.145042e-05	-1.250684e-16
1.330415464531457e-02	1.145042e-05	-1.250684e-16
1.330419351116193e-02	1.145042e-05	-1.250684e-16
1.330424285393003e-02	1.145042e-05	-1.250684e-16
1.330434153946622e-02	1.145042e-05	-1.250684e-16
1.330453891053860e-02	1.145042e-05	-1.250684e-16
1.330501755003661e-02	1.145042e-05	-1.250684e-16
1.330554839872004e-02	1.145042e-05	-1.250684e-16
1.330586722114571e-02	1.145042e-05	-1.250684e-16
1.330639458470335e-02	1.145042e-05	-1.250684e-16
1.330647012563583e-02	1.145042e-05	-1.250684e-16
1.330662120750079e-02	1.145042e-05	-1.250684e-16
1.330692337123071e-02	1.145042e-05	-1.250684e-16
1.330752769869056e-02	1.145042e-05	-1.250684e-16
1.330754430307568e-02	1.145042e-05	-1.250684e-16
1.330757751184593e-02	1.145042e-05	-1.250684e-16
1.330764600493456e-02	1.145042e-05	-1.250684e-16
1.330782465546199e-02	1.145042e-05	-1.250684e-16
1.330787189548984e-02	1.145042e-05	-1.250684e-16
1.330791812861495e-02	1.145042e-05	-1.250684e-16
1.330796325990649e-02	1.145042e-05	-1.250684e-16
1.330797454272938e-02	1.145042e-05	-1.250684e-16
1.330799710837515e-02	1.145042e-05	-1.250684e-16
1.330800274978660e-02	1.145042e-05	-1.250684e-16
1.330801403260948e-02	1.145042e-05	-1.250684e-16
1.330802205086135e-02	1.145042e-05	-1.250684e-16
1.330802844179764e-02	1.145042e-05	-1.250684e-16
1.330803345149871e-02	1.145042e-05	-1.250684e-16
1.330803648541058e-02	1.145042e-05	-1.250684e-16
1.330803817492692e-02	1.145042e-05	-1.250684e-16
1.330803937648221e-02	1.145042e-05	-1.250684e-16
1.330804032296415e-02	1.145042e-05	-1.250684e-16
1.330804121258462e-02	1.145042e-05	-1.250684e-16
1.330804214236763e-02	1.145042e-05	-1.250684e-16
1.330804303778583e-02	1.145042e-05	-1.250684e-16
1.330804397581687e-02	1.145042e-05	-1.250684e-16
1.330804492372182e-02	1.145042e-05	-1.250684e-16
1.330804594718272e-02	1.145042e-05	-1.250684e-16
1.330804708796238e-02	1.145042e-05	-1.250892e-16
1.330804867299433e-02	1.145042e-05	-1.251834e-16
1.330804942797992e-02	1.145042e-05	-1.252618e-16
1.330805001384397e-02	1.145042e-05	-1.253350e-16
1.330805072950514e-02	1.145042e-05	-1.254244e-16
1.330805114884756e-02	1.145042e-05	-1.254768e-16
1.330805161926480e-02	1.145042e-05	-1.255356e-16
1.330805214919272e-02	1.145042e-05	-1.256018e-16
1.330805297797282e-02	1.145042e-05	-1.257053e-16
1.330805384556175e-02	1.145042e-05	-1.258137e-16
1.330805498919605e-02	1.145042e-05	-1.259566e-16
1.330805625805371e-02	1.145041e-05	-1.261151e-16
1.330805800663681e-02	1.145041e-05	-1.263336e-16
1.330808905564989e-02	1.144987e-05	-1.302130e-16
1.330812010466297e-02	1.144911e-05	-1.340924e-16
1.330815115367606e-02	1.144815e-05	-1.379717e-16
1.330818220268914e-02	1.144698e-05	-1.418511e-16
1.330821325170222e-02	1.144561e-05	-1.457305e-16
1.330824430071530e-02	1.144402e-05	-1.496099e-16
1.330827534972838e-02	1.144223e-05	-1.534892e-16
1.332398527171181e-02	1.073448e-05	-2.116351e-15
1.333969519369523e-02	1.002673e-05	-4.079227e-15
1.335540511567865e-02	9.318982e-06	-6.042118e-15
1.337111503766207e-02	8.611226e-06	-8.005023e-15
1.338682495964550e-02	7.903466e-06	-9.967943e-15
1.340253488162892e-02	7.195702e-06	-1.193088e-14
1.341824480361234e-02	6.487935e-06	-1.389383e-14
1.344754167861234e-02	5.168062e-06	-1.755450e-14
1.346219011611234e-02	4.508140e-06	-1.938486e-14
1.347028001333513e-02	4.143662e-06	-2.039571e-14
1.347576925451203e-02	3.896377e-06	-2.108161e-14
1.348213505098893e-02	3.609573e-06	-2.187704e-14
1.348841648595013e-02	3.326598e-06	-2.266193e-14
1.349410532756799e-02	3.070293e-06	-2.337278e-14
1.350532473250438e-02	2.564854e-06	-2.477470e-14
1.351997317000438e-02	1.904904e-06	-2.660511e-14
1.353462160750438e-02	1.244981e-06	-2.843553e-14
1.354927004500438e-02	5.850315e-07	-3.026596e-14
1.356391848250438e-02	-7.489177e-08	-3.209641e-14
1.357856692000438e-02	-7.348407e-07	-3.392687e-14
1.359321535750438e-02	-1.394764e-06	-3.575734e-14
1.360786379500438e-02	-2.054713e-06	-3.758783e-14
1.362251223250439e-02	-2.714636e-06	-3.941832e-14
1.363716067000439e-02	-3.374585e-06	-4.124884e-14
1.365180910750439e-02	-4.034508e-06	-4.307936e-14
1.366645754500439e-02	-4.694456e-06	-4.490990e-14
1.368110598250439e-02	-5.354380e-06	-4.674045e-14
1.371040285750439e-02	-6.674252e-06	-5.040158e-14
1.373969973250439e-02	-7.994123e-06	-5.406277e-14
1.378364504500439e-02	-9.973941e-06	-5.955466e-14
1.382759035750439e-02	-1.195374e-05	-6.504665e-14
1.387153567000439e-02	-1.393355e-05	-7.053876e-14
1.391338834857582e-02	-1.581908e-05	-7.576946e-14
1.395524102714726e-02	-1.770461e-05	-8.100025e-14
1.399709370571869e-02	-1.959013e-05	-8.623116e-14
1.403894638429012e-02	-2.147566e-05	-9.146217e-14
1.408079906286155e-02	-2.336119e-05	-9.669328e-14
1.412265174143298e-02	-2.524672e-05	-1.019245e-13
1.416450442000441e-02	-2.713225e-05	-1.071558e-13
1.417462544036092e-02	-2.758821e-05	-1.084209e-13
1.418474646071743e-02	-2.804418e-05	-1.096860e-13
1.419486748107395e-02	-2.850015e-05	-1.109511e-13
1.420498850143046e-02	-2.895611e-05	-1.122162e-13
1.421510952178697e-02	-2.941208e-05	-1.134813e-13
1.422523054214349e-02	-2.986805e-05	-1.147464e-13
1.423535156250000e-02	-3.032401e-05	-1.160115e-13
1.425000000000000e-02	-3.098395e-05	-1.178426e-13
1.425000000010000e-02	-3.098395e-05	5.999874e-09
1.425000000030000e-02	-3.098395e-05	1.799986e-08
1.425000000100000e-02	-3.098395e-05	5.999988e-08
1.425000000108000e-02	-3.098395e-05	5.999988e-08
1.425000000124000e-02	-3.098395e-05	5.999988e-08
1.425000000220000e-02	-3.098395e-05	5.999988e-08
1.425001198574801e-02	-3.098449e-05	5.999988e-08
1.425002396929602e-02	-3.098503e-05	5.999988e-08
1.425003595284402e-02	-3.098557e-05	5.999988e-08
1.425004793639203e-02	-3.098611e-05	5.999988e-08
1.425005991994003e-02	-3.098665e-05	5.999988e-08
1.425007190348804e-02	-3.098719e-05	5.999988e-08
1.425008388703605e-02	-3.098773e-05	5.999988e-08
1.426569554197767e-02	-3.169106e-05	5.999988e-08
1.428130719691930e-02	-3.239439e-05	5.999988e-08
1.429691885186092e-02	-3.309771e-05	5.999988e-08
1.431253050680255e-02	-3.380104e-05	5.999988e-08
1.432814216174417e-02	-3.450437e-05	5.999987e-08
1.434375381668580e-02	-3.520770e-05	5.999987e-08
1.435936547162742e-02	-3.591103e-05	5.999987e-08
1.437401390912742e-02	-3.657096e-05	5.999986e-08
1.438866234662742e-02	-3.723090e-05	5.999986e-08
1.440331078412743e-02	-3.789083e-05	5.999986e-08
1.441795922162743e-02	-3.855076e-05	5.999986e-08
1.443260765912743e-02	-3.921070e-05	5.999986e-08
1.444725609662743e-02	-3.987063e-05	5.999986e-08
1.446190453412743e-02	-4.053057e-05	5.999986e-08
1.447655297162743e-02	-4.119050e-05	5.999986e-08
1.449120140912743e-02	-4.185043e-05	5.999985e-08
1.450584984662743e-02	-4.251036e-05	5.999985e-08
1.452049828412743e-02	-4.317030e-05	5.999985e-08
1.453514672162743e-02	-4.383023e-05	5.999985e-08
1.454979515912743e-02	-4.449016e-05	5.999984e-08
1.455162621381493e-02	-4.457265e-05	5.999984e-08
1.455528832318993e-02	-4.473764e-05	5.999984e-08
1.455551285061009e-02	-4.474775e-05	5.999984e-08
1.455596190545041e-02	-4.476798e-05	5.999984e-08
1.455686001513104e-02	-4.480845e-05	5.999984e-08
1.455752398659694e-02	-4.483836e-05	5.999984e-08
1.455765732197780e-02	-4.484437e-05	5.999984e-08
1.455783510248560e-02	-4.485238e-05	5.999984e-08
1.455806180384071e-02	-4.486259e-05	5.999984e-08
1.455822419036134e-02	-4.486990e-05	5.999984e-08
1.455831047724491e-02	-4.487379e-05	5.999984e-08
1.455838757124681e-02	-4.487727e-05	5.999984e-08
1.455844418624650e-02	-4.487982e-05	5.999984e-08
1.455849020215463e-02	-4.488189e-05	5.999984e-08
1.455853460474741e-02	-4.488389e-05	5.999984e-08
1.455858389469429e-02	-4.488611e-05	5.999984e-08
1.455863321202222e-02	-4.488833e-05	5.999984e-08
1.455868047670927e-02	-4.489046e-05	5.999984e-08
1.455870940163457e-02	-4.489176e-05	5.999984e-08
1.455874391626052e-02	-4.489332e-05	5.999984e-08
1.455878043544147e-02	-4.489496e-05	5.999984e-08
1.455881421066939e-02	-4.489649e-05	5.999984e-08
1.455886332268963e-02	-4.489870e-05	5.999984e-08
1.455896154673010e-02	-4.490312e-05	5.999984e-08
1.455915799481104e-02	-4.491197e-05	5.999984e-08
1.455955089097292e-02	-4.492967e-05	5.999984e-08
1.455995309750945e-02	-4.494780e-05	5.999984e-08
1.456040830257804e-02	-4.496830e-05	5.999984e-08
1.456088799576765e-02	-4.498991e-05	5.999984e-08
1.456090298617983e-02	-4.499059e-05	5.999984e-08
1.456111285195028e-02	-4.500004e-05	5.999984e-08
1.456135269854509e-02	-4.501085e-05	5.999984e-08
1.456183239173470e-02	-4.503246e-05	5.999984e-08
1.456191240431889e-02	-4.503606e-05	5.999984e-08
1.456342348148827e-02	-4.510414e-05	5.999984e-08
1.456493455865766e-02	-4.517222e-05	5.999984e-08
1.456644563582704e-02	-4.524029e-05	5.999984e-08
1.456795671299643e-02	-4.530837e-05	5.999984e-08
1.456946779016581e-02	-4.537644e-05	5.999984e-08
1.457097886733520e-02	-4.544452e-05	5.999984e-08
1.457248994450458e-02	-4.551260e-05	5.999984e-08
1.499589601525982e-02	-6.458764e-05	5.999979e-08
1.500000000000000e-02	-6.477252e-05	5.999978e-08
